pos	AA	AC	AG	AT	CA	CC	CG	CT	GA	GC	GG	GT	TA	TC	TG	TT
-73	0.081044	0.058957	0.0659535	0.052089	0.0597485	0.0716725	0.0419265	0.063885	0.0650855	0.0405985	0.071571	0.063528	0.05454	0.0650085	0.0627365	0.081657
-72	0.0807375	0.0592125	0.0664895	0.0540035	0.0567615	0.0719535	0.042718	0.064932	0.064345	0.042641	0.073792	0.059391	0.0539015	0.0679195	0.061051	0.08015
-71	0.08015	0.0586765	0.06243	0.0548205	0.0605405	0.0699875	0.0415685	0.067281	0.0658255	0.0430755	0.07249	0.0615105	0.053825	0.066822	0.060796	0.080201
-70	0.079716	0.0575015	0.0661065	0.0545655	0.059468	0.0743795	0.042973	0.0671535	0.0657745	0.0396535	0.070575	0.0609235	0.052242	0.064166	0.0627365	0.0820655
-69	0.080252	0.0598	0.064064	0.050914	0.0581655	0.0697065	0.04185	0.0678425	0.063962	0.043535	0.071137	0.0636045	0.0531865	0.068711	0.06243	0.0808395
-68	0.079078	0.0581915	0.0657745	0.054693	0.0585745	0.0735625	0.0403945	0.0625575	0.064013	0.04116	0.072184	0.062583	0.053161	0.0689665	0.0636295	0.081478
-67	0.078337	0.057885	0.064345	0.054438	0.0593655	0.068992	0.043356	0.06986	0.065596	0.041671	0.072848	0.0619445	0.0551785	0.066822	0.057451	0.081912
-66	0.07655	0.059774	0.065596	0.054795	0.058421	0.0701665	0.042718	0.0663875	0.0645495	0.040241	0.0713155	0.061204	0.054693	0.067562	0.061434	0.084593
-65	0.080227	0.0573995	0.0647275	0.051859	0.059902	0.068839	0.0430495	0.066413	0.065417	0.0428455	0.0715965	0.063451	0.051476	0.068226	0.059723	0.0848485
-64	0.0785415	0.058625	0.0661065	0.0546165	0.057885	0.0722855	0.043024	0.067256	0.0645745	0.0429985	0.0719535	0.0598765	0.052931	0.065979	0.061306	0.08204
-63	0.0771885	0.0575275	0.066592	0.052216	0.060132	0.073767	0.041952	0.0674855	0.064498	0.0413645	0.0715455	0.061664	0.0536975	0.0678425	0.059876	0.0826525
-62	0.0765755	0.059187	0.0657745	0.0515015	0.05814	0.0733325	0.0418495	0.0663875	0.0647025	0.0434075	0.0702175	0.0630425	0.0542845	0.0692985	0.0611275	0.0811715
-61	0.077418	0.0592635	0.0634005	0.0523185	0.0587785	0.0739455	0.0423345	0.0656215	0.0655705	0.04162	0.0735625	0.0625065	0.051808	0.0679195	0.06174	0.082193
-60	0.078414	0.058242	0.0677665	0.051731	0.0603105	0.070601	0.040828	0.0704215	0.064319	0.042258	0.07346	0.059289	0.052114	0.0669495	0.062149	0.081146
-59	0.079665	0.0566085	0.0658515	0.05311	0.0560975	0.0733585	0.04116	0.0687365	0.0658765	0.0428965	0.072388	0.062685	0.051808	0.0671795	0.061715	0.0808655
-58	0.077827	0.0568635	0.0652895	0.0516035	0.059519	0.073205	0.043331	0.065979	0.0636045	0.0433305	0.073971	0.061664	0.052625	0.066847	0.06266	0.081682
-57	0.0789755	0.060489	0.0656725	0.052395	0.0613315	0.072107	0.041237	0.065264	0.0629915	0.042386	0.072873	0.061383	0.0519355	0.0679705	0.0618935	0.081095
-56	0.077827	0.059825	0.0662085	0.054693	0.059672	0.073077	0.038505	0.067613	0.0668725	0.0410325	0.0728475	0.062685	0.0527015	0.06649	0.0609235	0.079027
-55	0.078669	0.0613575	0.064217	0.0522675	0.057936	0.073205	0.042386	0.065545	0.0676135	0.039475	0.0718005	0.0631955	0.0523185	0.066643	0.061766	0.0816055
-54	0.0802015	0.058855	0.063604	0.051629	0.0605145	0.07272	0.042156	0.066668	0.062889	0.043254	0.0718265	0.0622255	0.052395	0.0663875	0.0626595	0.082014
-53	0.0788735	0.05934	0.066566	0.0522675	0.0610765	0.0737155	0.0418755	0.0660555	0.064396	0.0412365	0.0720045	0.0617915	0.052344	0.0664385	0.0617405	0.0802775
-52	0.078797	0.0613575	0.0649575	0.0543355	0.05814	0.0738435	0.0414155	0.0652895	0.0663875	0.0410075	0.071469	0.062149	0.05191	0.065928	0.0616895	0.081325
-51	0.076984	0.0586765	0.0644725	0.053442	0.0608975	0.072975	0.040854	0.066132	0.065392	0.0421815	0.0758605	0.0601315	0.05574	0.0645745	0.0622765	0.0794095
-50	0.074916	0.05671	0.069094	0.053799	0.0580125	0.0723625	0.0431265	0.0638855	0.067664	0.0434585	0.07392	0.0614085	0.0530845	0.0673065	0.0615365	0.079716
-49	0.0756815	0.0563785	0.065136	0.0536465	0.0598765	0.0742775	0.042641	0.067843	0.0659535	0.041696	0.076218	0.0612295	0.051552	0.0654935	0.0624555	0.0799205
-48	0.074405	0.0616895	0.064779	0.0504035	0.0604635	0.072618	0.043228	0.064779	0.065417	0.041467	0.0737925	0.062532	0.052727	0.067664	0.061383	0.0826525
-47	0.0748135	0.0587275	0.064498	0.0542845	0.0587785	0.0726175	0.040956	0.0670005	0.064932	0.043024	0.074635	0.0634255	0.0528545	0.065647	0.0620725	0.081733
-46	0.076473	0.0597995	0.065928	0.05431	0.058217	0.0706775	0.0443775	0.066898	0.0629915	0.0440455	0.0715965	0.062328	0.0522925	0.066081	0.062787	0.081197
-45	0.0730265	0.0586255	0.0658255	0.054131	0.0577825	0.0736645	0.041569	0.068354	0.0672045	0.0422075	0.0720305	0.061485	0.0552035	0.0679705	0.061332	0.0795885
-44	0.0755285	0.057834	0.066898	0.0507865	0.0577575	0.072694	0.0426415	0.070294	0.063911	0.043765	0.0734605	0.060923	0.05431	0.0681745	0.0600295	0.080993
-43	0.077852	0.057119	0.0643705	0.051629	0.059519	0.0743795	0.04259	0.066668	0.064268	0.0413135	0.071979	0.0636555	0.0542845	0.067051	0.0627875	0.0805335
-42	0.076601	0.0593915	0.067792	0.054055	0.057987	0.0720305	0.041492	0.066515	0.0640895	0.04236	0.0728985	0.060464	0.05288	0.067026	0.062685	0.081733
-41	0.07512	0.0587785	0.0655705	0.0521655	0.059085	0.0709065	0.0431005	0.069094	0.0674345	0.0429475	0.0715705	0.0620215	0.051272	0.0664895	0.0613575	0.0830865
-40	0.0756305	0.060234	0.0628895	0.051757	0.0590085	0.074482	0.0405475	0.066515	0.064013	0.0430495	0.0754775	0.0593915	0.0537485	0.0664385	0.0612045	0.0856145
-39	0.075937	0.05957	0.065085	0.0537995	0.060183	0.072541	0.041952	0.0685835	0.0646255	0.0420795	0.0724135	0.060285	0.052293	0.0656725	0.0615105	0.0834695
-38	0.079001	0.0591105	0.0642935	0.053927	0.058753	0.072975	0.0417985	0.0652895	0.063502	0.041339	0.0721325	0.064115	0.053365	0.068175	0.0606935	0.081529
-37	0.075452	0.059672	0.0662345	0.0536205	0.0608465	0.0747625	0.042769	0.064753	0.064447	0.0419265	0.0731285	0.0597485	0.055153	0.064447	0.0617915	0.081248
-36	0.0762435	0.060336	0.0640125	0.054208	0.0598765	0.0755795	0.041339	0.0641405	0.065877	0.0437645	0.07535	0.060566	0.051195	0.066745	0.060004	0.080763
-35	0.0754265	0.0578845	0.065596	0.053493	0.060336	0.0733585	0.043816	0.0672305	0.0653915	0.040573	0.0739965	0.060285	0.0535185	0.0674345	0.0607955	0.080865
-34	0.075963	0.0585745	0.065417	0.0531865	0.059621	0.071928	0.0419775	0.0660555	0.0660045	0.045169	0.0728475	0.0607445	0.053161	0.0680725	0.0604895	0.080788
-33	0.076116	0.0601825	0.0649065	0.05288	0.061051	0.0720815	0.0416455	0.068507	0.06317	0.0429475	0.0766775	0.060004	0.0532635	0.067843	0.059519	0.0792055
-32	0.0770605	0.060183	0.0645235	0.0523185	0.060617	0.0730265	0.042871	0.066311	0.0664895	0.0410835	0.0723365	0.059825	0.053008	0.067179	0.0610765	0.082091
-31	0.0750945	0.058523	0.066439	0.0556635	0.061281	0.0744305	0.042488	0.067358	0.0650085	0.042488	0.0721585	0.060872	0.052829	0.0653915	0.060821	0.0791545
-30	0.077265	0.0618425	0.0653155	0.053314	0.0593405	0.074354	0.0436115	0.0644215	0.064932	0.042156	0.0715705	0.062583	0.051629	0.068047	0.060464	0.0791545
-29	0.0783625	0.0603615	0.065264	0.053136	0.0603105	0.0736135	0.041339	0.068226	0.0666685	0.041926	0.0737415	0.059366	0.052727	0.0641405	0.061511	0.0793075
-28	0.0792055	0.0603105	0.0644215	0.052293	0.059136	0.073077	0.041288	0.0672045	0.0663875	0.043586	0.0757585	0.0573995	0.0521145	0.067894	0.0608725	0.079052
-27	0.0784905	0.0603105	0.063579	0.051859	0.0598255	0.0742265	0.043765	0.0652385	0.067511	0.041211	0.0760645	0.060285	0.0520375	0.0676135	0.0580125	0.0799715
-26	0.0770095	0.0584975	0.067332	0.0533655	0.0612555	0.0735115	0.043382	0.065213	0.065698	0.0419005	0.075656	0.0605915	0.0517565	0.067179	0.0604895	0.0771625
-25	0.0768055	0.061383	0.068507	0.0551785	0.058881	0.075554	0.042003	0.063987	0.0649065	0.042718	0.07632	0.0586765	0.053212	0.064141	0.059621	0.0781075
-24	0.07775	0.0594675	0.0653155	0.0548205	0.0619955	0.0739455	0.0428455	0.0642425	0.0677915	0.0433305	0.074073	0.060413	0.054412	0.063451	0.0588295	0.077316
-23	0.077137	0.0600805	0.0659025	0.0550505	0.0588805	0.074431	0.0424625	0.063604	0.0653405	0.042386	0.074737	0.0589315	0.0552805	0.066566	0.062583	0.0766265
-22	0.076371	0.057553	0.0638595	0.0545655	0.0599275	0.073307	0.0423855	0.0676895	0.066745	0.042718	0.076397	0.062123	0.05311	0.065468	0.059391	0.0783885
-21	0.076652	0.0583445	0.067664	0.054387	0.0583445	0.0754265	0.04282	0.0664385	0.0649065	0.042309	0.07489	0.061	0.052012	0.0655705	0.0619955	0.0772395
-20	0.0780055	0.062047	0.0664385	0.049765	0.0602335	0.073511	0.041926	0.0653405	0.067766	0.0430495	0.075222	0.0617915	0.049535	0.068354	0.0613575	0.0756565
-19	0.0775715	0.060668	0.067077	0.052012	0.062149	0.073026	0.0437395	0.066643	0.066158	0.0405725	0.0763965	0.0605145	0.053212	0.065468	0.0595185	0.075273
-18	0.0764475	0.0596975	0.0690685	0.0520885	0.0603105	0.074456	0.040675	0.064115	0.066898	0.043509	0.0737665	0.0599785	0.0539015	0.065392	0.060336	0.0793585
-17	0.077316	0.0607445	0.065826	0.0538245	0.0581405	0.073128	0.043382	0.064396	0.066439	0.042565	0.076269	0.0624805	0.0539525	0.064345	0.059238	0.0779545
-16	0.0791545	0.060719	0.067077	0.05214	0.0584975	0.072311	0.0435605	0.0649065	0.0675875	0.043152	0.076652	0.0596215	0.053927	0.064728	0.059519	0.0764475
-15	0.0796395	0.0588805	0.067077	0.051093	0.060617	0.075094	0.0434585	0.06506	0.0679705	0.043152	0.0740475	0.0593655	0.052676	0.063834	0.061128	0.076907
-14	0.077265	0.058804	0.069145	0.0534675	0.0605405	0.0743795	0.0418245	0.065647	0.066209	0.0423605	0.0740475	0.0589315	0.0501225	0.0674345	0.061587	0.0782355
-13	0.0760645	0.0592125	0.065928	0.0519865	0.058472	0.0731795	0.0424625	0.065877	0.0684555	0.0425135	0.0756305	0.062583	0.0520885	0.066158	0.0606425	0.078746
-12	0.077137	0.0586765	0.064702	0.052778	0.058498	0.0740985	0.042258	0.0636045	0.0687365	0.04379	0.076397	0.059136	0.0540545	0.0658515	0.06174	0.0785415
-11	0.079793	0.059238	0.0672045	0.0548975	0.059008	0.0743285	0.044173	0.068507	0.065315	0.0413135	0.073716	0.060004	0.0524715	0.0621745	0.060132	0.0777245
-10	0.0781075	0.058804	0.0668725	0.0516035	0.0592635	0.0735625	0.041722	0.066132	0.068226	0.043254	0.073843	0.060387	0.0535185	0.067179	0.059238	0.0782865
-9	0.076805	0.058191	0.067894	0.0539525	0.061587	0.074456	0.043356	0.0636555	0.063732	0.0442755	0.0748135	0.061766	0.052242	0.066081	0.0603365	0.0768565
-8	0.078286	0.061817	0.063528	0.0529315	0.0592125	0.0746345	0.04379	0.0651365	0.0647785	0.0426665	0.075631	0.0609745	0.051833	0.0679705	0.061587	0.075222
-7	0.0798945	0.058089	0.0664895	0.051961	0.062889	0.075401	0.042156	0.0650855	0.065698	0.0415435	0.07558	0.0610765	0.052293	0.06483	0.059468	0.077546
-6	0.077801	0.0624805	0.066719	0.0540295	0.0593915	0.0713665	0.0424625	0.0641405	0.065902	0.042871	0.0744815	0.0592385	0.0546165	0.0658255	0.0598	0.0788735
-5	0.0761925	0.0584975	0.062736	0.053978	0.0625315	0.075171	0.0439435	0.0677405	0.065315	0.0422075	0.074354	0.0597485	0.053442	0.065264	0.059672	0.079205
-4	0.076652	0.062787	0.065366	0.052906	0.0597485	0.076269	0.04259	0.0657745	0.064447	0.041594	0.0737925	0.0604385	0.0515775	0.0681495	0.0585995	0.0793075
-3	0.079001	0.060285	0.0678685	0.049918	0.0606425	0.0763455	0.0423605	0.065366	0.0648555	0.0431005	0.071341	0.062787	0.0538505	0.0664385	0.0602595	0.0755795
-2	0.0781585	0.061255	0.067332	0.050608	0.0579355	0.075886	0.0425135	0.067179	0.067485	0.0422075	0.075018	0.0583695	0.0522165	0.0667705	0.0605915	0.0764735
-1	0.076754	0.0573485	0.066413	0.053442	0.0599275	0.075707	0.041058	0.064498	0.06843	0.043484	0.074354	0.0606935	0.0515525	0.0648815	0.061638	0.079818
0	0.0782605	0.0590085	0.066847	0.05168	0.0586765	0.073639	0.043075	0.0688135	0.0688135	0.043075	0.073639	0.0586765	0.05168	0.066847	0.0590085	0.0782605
1	0.079818	0.061638	0.0648815	0.0515525	0.0606935	0.074354	0.043484	0.06843	0.064498	0.041058	0.075707	0.0599275	0.053442	0.066413	0.0573485	0.076754
2	0.0764735	0.0605915	0.0667705	0.0522165	0.0583695	0.075018	0.0422075	0.067485	0.067179	0.0425135	0.075886	0.0579355	0.050608	0.067332	0.061255	0.0781585
3	0.0755795	0.0602595	0.0664385	0.0538505	0.062787	0.071341	0.0431005	0.0648555	0.065366	0.0423605	0.0763455	0.0606425	0.049918	0.0678685	0.060285	0.079001
4	0.0793075	0.0585995	0.0681495	0.0515775	0.0604385	0.0737925	0.041594	0.064447	0.0657745	0.04259	0.076269	0.0597485	0.052906	0.065366	0.062787	0.076652
5	0.079205	0.059672	0.065264	0.053442	0.0597485	0.074354	0.0422075	0.065315	0.0677405	0.0439435	0.075171	0.0625315	0.053978	0.062736	0.0584975	0.0761925
6	0.0788735	0.0598	0.0658255	0.0546165	0.0592385	0.0744815	0.042871	0.065902	0.0641405	0.0424625	0.0713665	0.0593915	0.0540295	0.066719	0.0624805	0.077801
7	0.077546	0.059468	0.06483	0.052293	0.0610765	0.07558	0.0415435	0.065698	0.0650855	0.042156	0.075401	0.062889	0.051961	0.0664895	0.058089	0.0798945
8	0.075222	0.061587	0.0679705	0.051833	0.0609745	0.075631	0.0426665	0.0647785	0.0651365	0.04379	0.0746345	0.0592125	0.0529315	0.063528	0.061817	0.078286
9	0.0768565	0.0603365	0.066081	0.052242	0.061766	0.0748135	0.0442755	0.063732	0.0636555	0.043356	0.074456	0.061587	0.0539525	0.067894	0.058191	0.076805
10	0.0782865	0.059238	0.067179	0.0535185	0.060387	0.073843	0.043254	0.068226	0.066132	0.041722	0.0735625	0.0592635	0.0516035	0.0668725	0.058804	0.0781075
11	0.0777245	0.060132	0.0621745	0.0524715	0.060004	0.073716	0.0413135	0.065315	0.068507	0.044173	0.0743285	0.059008	0.0548975	0.0672045	0.059238	0.079793
12	0.0785415	0.06174	0.0658515	0.0540545	0.059136	0.076397	0.04379	0.0687365	0.0636045	0.042258	0.0740985	0.058498	0.052778	0.064702	0.0586765	0.077137
13	0.078746	0.0606425	0.066158	0.0520885	0.062583	0.0756305	0.0425135	0.0684555	0.065877	0.0424625	0.0731795	0.058472	0.0519865	0.065928	0.0592125	0.0760645
14	0.0782355	0.061587	0.0674345	0.0501225	0.0589315	0.0740475	0.0423605	0.066209	0.065647	0.0418245	0.0743795	0.0605405	0.0534675	0.069145	0.058804	0.077265
15	0.076907	0.061128	0.063834	0.052676	0.0593655	0.0740475	0.043152	0.0679705	0.06506	0.0434585	0.075094	0.060617	0.051093	0.067077	0.0588805	0.0796395
16	0.0764475	0.059519	0.064728	0.053927	0.0596215	0.076652	0.043152	0.0675875	0.0649065	0.0435605	0.072311	0.0584975	0.05214	0.067077	0.060719	0.0791545
17	0.0779545	0.059238	0.064345	0.0539525	0.0624805	0.076269	0.042565	0.066439	0.064396	0.043382	0.073128	0.0581405	0.0538245	0.065826	0.0607445	0.077316
18	0.0793585	0.060336	0.065392	0.0539015	0.0599785	0.0737665	0.043509	0.066898	0.064115	0.040675	0.074456	0.0603105	0.0520885	0.0690685	0.0596975	0.0764475
19	0.075273	0.0595185	0.065468	0.053212	0.0605145	0.0763965	0.0405725	0.066158	0.066643	0.0437395	0.073026	0.062149	0.052012	0.067077	0.060668	0.0775715
20	0.0756565	0.0613575	0.068354	0.049535	0.0617915	0.075222	0.0430495	0.067766	0.0653405	0.041926	0.073511	0.0602335	0.049765	0.0664385	0.062047	0.0780055
21	0.0772395	0.0619955	0.0655705	0.052012	0.061	0.07489	0.042309	0.0649065	0.0664385	0.04282	0.0754265	0.0583445	0.054387	0.067664	0.0583445	0.076652
22	0.0783885	0.059391	0.065468	0.05311	0.062123	0.076397	0.042718	0.066745	0.0676895	0.0423855	0.073307	0.0599275	0.0545655	0.0638595	0.057553	0.076371
23	0.0766265	0.062583	0.066566	0.0552805	0.0589315	0.074737	0.042386	0.0653405	0.063604	0.0424625	0.074431	0.0588805	0.0550505	0.0659025	0.0600805	0.077137
24	0.077316	0.0588295	0.063451	0.054412	0.060413	0.074073	0.0433305	0.0677915	0.0642425	0.0428455	0.0739455	0.0619955	0.0548205	0.0653155	0.0594675	0.07775
25	0.0781075	0.059621	0.064141	0.053212	0.0586765	0.07632	0.042718	0.0649065	0.063987	0.042003	0.075554	0.058881	0.0551785	0.068507	0.061383	0.0768055
26	0.0771625	0.0604895	0.067179	0.0517565	0.0605915	0.075656	0.0419005	0.065698	0.065213	0.043382	0.0735115	0.0612555	0.0533655	0.067332	0.0584975	0.0770095
27	0.0799715	0.0580125	0.0676135	0.0520375	0.060285	0.0760645	0.041211	0.067511	0.0652385	0.043765	0.0742265	0.0598255	0.051859	0.063579	0.0603105	0.0784905
28	0.079052	0.0608725	0.067894	0.0521145	0.0573995	0.0757585	0.043586	0.0663875	0.0672045	0.041288	0.073077	0.059136	0.052293	0.0644215	0.0603105	0.0792055
29	0.0793075	0.061511	0.0641405	0.052727	0.059366	0.0737415	0.041926	0.0666685	0.068226	0.041339	0.0736135	0.0603105	0.053136	0.065264	0.0603615	0.0783625
30	0.0791545	0.060464	0.068047	0.051629	0.062583	0.0715705	0.042156	0.064932	0.0644215	0.0436115	0.074354	0.0593405	0.053314	0.0653155	0.0618425	0.077265
31	0.0791545	0.060821	0.0653915	0.052829	0.060872	0.0721585	0.042488	0.0650085	0.067358	0.042488	0.0744305	0.061281	0.0556635	0.066439	0.058523	0.0750945
32	0.082091	0.0610765	0.067179	0.053008	0.059825	0.0723365	0.0410835	0.0664895	0.066311	0.042871	0.0730265	0.060617	0.0523185	0.0645235	0.060183	0.0770605
33	0.0792055	0.059519	0.067843	0.0532635	0.060004	0.0766775	0.0429475	0.06317	0.068507	0.0416455	0.0720815	0.061051	0.05288	0.0649065	0.0601825	0.076116
34	0.080788	0.0604895	0.0680725	0.053161	0.0607445	0.0728475	0.045169	0.0660045	0.0660555	0.0419775	0.071928	0.059621	0.0531865	0.065417	0.0585745	0.075963
35	0.080865	0.0607955	0.0674345	0.0535185	0.060285	0.0739965	0.040573	0.0653915	0.0672305	0.043816	0.0733585	0.060336	0.053493	0.065596	0.0578845	0.0754265
36	0.080763	0.060004	0.066745	0.051195	0.060566	0.07535	0.0437645	0.065877	0.0641405	0.041339	0.0755795	0.0598765	0.054208	0.0640125	0.060336	0.0762435
37	0.081248	0.0617915	0.064447	0.055153	0.0597485	0.0731285	0.0419265	0.064447	0.064753	0.042769	0.0747625	0.0608465	0.0536205	0.0662345	0.059672	0.075452
38	0.081529	0.0606935	0.068175	0.053365	0.064115	0.0721325	0.041339	0.063502	0.0652895	0.0417985	0.072975	0.058753	0.053927	0.0642935	0.0591105	0.079001
39	0.0834695	0.0615105	0.0656725	0.052293	0.060285	0.0724135	0.0420795	0.0646255	0.0685835	0.041952	0.072541	0.060183	0.0537995	0.065085	0.05957	0.075937
40	0.0856145	0.0612045	0.0664385	0.0537485	0.0593915	0.0754775	0.0430495	0.064013	0.066515	0.0405475	0.074482	0.0590085	0.051757	0.0628895	0.060234	0.0756305
41	0.0830865	0.0613575	0.0664895	0.051272	0.0620215	0.0715705	0.0429475	0.0674345	0.069094	0.0431005	0.0709065	0.059085	0.0521655	0.0655705	0.0587785	0.07512
42	0.081733	0.062685	0.067026	0.05288	0.060464	0.0728985	0.04236	0.0640895	0.066515	0.041492	0.0720305	0.057987	0.054055	0.067792	0.0593915	0.076601
43	0.0805335	0.0627875	0.067051	0.0542845	0.0636555	0.071979	0.0413135	0.064268	0.066668	0.04259	0.0743795	0.059519	0.051629	0.0643705	0.057119	0.077852
44	0.080993	0.0600295	0.0681745	0.05431	0.060923	0.0734605	0.043765	0.063911	0.070294	0.0426415	0.072694	0.0577575	0.0507865	0.066898	0.057834	0.0755285
45	0.0795885	0.061332	0.0679705	0.0552035	0.061485	0.0720305	0.0422075	0.0672045	0.068354	0.041569	0.0736645	0.0577825	0.054131	0.0658255	0.0586255	0.0730265
46	0.081197	0.062787	0.066081	0.0522925	0.062328	0.0715965	0.0440455	0.0629915	0.066898	0.0443775	0.0706775	0.058217	0.05431	0.065928	0.0597995	0.076473
47	0.081733	0.0620725	0.065647	0.0528545	0.0634255	0.074635	0.043024	0.064932	0.0670005	0.040956	0.0726175	0.0587785	0.0542845	0.064498	0.0587275	0.0748135
48	0.0826525	0.061383	0.067664	0.052727	0.062532	0.0737925	0.041467	0.065417	0.064779	0.043228	0.072618	0.0604635	0.0504035	0.064779	0.0616895	0.074405
49	0.0799205	0.0624555	0.0654935	0.051552	0.0612295	0.076218	0.041696	0.0659535	0.067843	0.042641	0.0742775	0.0598765	0.0536465	0.065136	0.0563785	0.0756815
50	0.079716	0.0615365	0.0673065	0.0530845	0.0614085	0.07392	0.0434585	0.067664	0.0638855	0.0431265	0.0723625	0.0580125	0.053799	0.069094	0.05671	0.074916
51	0.0794095	0.0622765	0.0645745	0.05574	0.0601315	0.0758605	0.0421815	0.065392	0.066132	0.040854	0.072975	0.0608975	0.053442	0.0644725	0.0586765	0.076984
52	0.081325	0.0616895	0.065928	0.05191	0.062149	0.071469	0.0410075	0.0663875	0.0652895	0.0414155	0.0738435	0.05814	0.0543355	0.0649575	0.0613575	0.078797
53	0.0802775	0.0617405	0.0664385	0.052344	0.0617915	0.0720045	0.0412365	0.064396	0.0660555	0.0418755	0.0737155	0.0610765	0.0522675	0.066566	0.05934	0.0788735
54	0.082014	0.0626595	0.0663875	0.052395	0.0622255	0.0718265	0.043254	0.062889	0.066668	0.042156	0.07272	0.0605145	0.051629	0.063604	0.058855	0.0802015
55	0.0816055	0.061766	0.066643	0.0523185	0.0631955	0.0718005	0.039475	0.0676135	0.065545	0.042386	0.073205	0.057936	0.0522675	0.064217	0.0613575	0.078669
56	0.079027	0.0609235	0.06649	0.0527015	0.062685	0.0728475	0.0410325	0.0668725	0.067613	0.038505	0.073077	0.059672	0.054693	0.0662085	0.059825	0.077827
57	0.081095	0.0618935	0.0679705	0.0519355	0.061383	0.072873	0.042386	0.0629915	0.065264	0.041237	0.072107	0.0613315	0.052395	0.0656725	0.060489	0.0789755
58	0.081682	0.06266	0.066847	0.052625	0.061664	0.073971	0.0433305	0.0636045	0.065979	0.043331	0.073205	0.059519	0.0516035	0.0652895	0.0568635	0.077827
59	0.0808655	0.061715	0.0671795	0.051808	0.062685	0.072388	0.0428965	0.0658765	0.0687365	0.04116	0.0733585	0.0560975	0.05311	0.0658515	0.0566085	0.079665
60	0.081146	0.062149	0.0669495	0.052114	0.059289	0.07346	0.042258	0.064319	0.0704215	0.040828	0.070601	0.0603105	0.051731	0.0677665	0.058242	0.078414
61	0.082193	0.06174	0.0679195	0.051808	0.0625065	0.0735625	0.04162	0.0655705	0.0656215	0.0423345	0.0739455	0.0587785	0.0523185	0.0634005	0.0592635	0.077418
62	0.0811715	0.0611275	0.0692985	0.0542845	0.0630425	0.0702175	0.0434075	0.0647025	0.0663875	0.0418495	0.0733325	0.05814	0.0515015	0.0657745	0.059187	0.0765755
63	0.0826525	0.059876	0.0678425	0.0536975	0.061664	0.0715455	0.0413645	0.064498	0.0674855	0.041952	0.073767	0.060132	0.052216	0.066592	0.0575275	0.0771885
64	0.08204	0.061306	0.065979	0.052931	0.0598765	0.0719535	0.0429985	0.0645745	0.067256	0.043024	0.0722855	0.057885	0.0546165	0.0661065	0.058625	0.0785415
65	0.0848485	0.059723	0.068226	0.051476	0.063451	0.0715965	0.0428455	0.065417	0.066413	0.0430495	0.068839	0.059902	0.051859	0.0647275	0.0573995	0.080227
66	0.084593	0.061434	0.067562	0.054693	0.061204	0.0713155	0.040241	0.0645495	0.0663875	0.042718	0.0701665	0.058421	0.054795	0.065596	0.059774	0.07655
67	0.081912	0.057451	0.066822	0.0551785	0.0619445	0.072848	0.041671	0.065596	0.06986	0.043356	0.068992	0.0593655	0.054438	0.064345	0.057885	0.078337
68	0.081478	0.0636295	0.0689665	0.053161	0.062583	0.072184	0.04116	0.064013	0.0625575	0.0403945	0.0735625	0.0585745	0.054693	0.0657745	0.0581915	0.079078
69	0.0808395	0.06243	0.068711	0.0531865	0.0636045	0.071137	0.043535	0.063962	0.0678425	0.04185	0.0697065	0.0581655	0.050914	0.064064	0.0598	0.080252
70	0.0820655	0.0627365	0.064166	0.052242	0.0609235	0.070575	0.0396535	0.0657745	0.0671535	0.042973	0.0743795	0.059468	0.0545655	0.0661065	0.0575015	0.079716
71	0.080201	0.060796	0.066822	0.053825	0.0615105	0.07249	0.0430755	0.0658255	0.067281	0.0415685	0.0699875	0.0605405	0.0548205	0.06243	0.0586765	0.08015
72	0.08015	0.061051	0.0679195	0.0539015	0.059391	0.073792	0.042641	0.064345	0.064932	0.042718	0.0719535	0.0567615	0.0540035	0.0664895	0.0592125	0.0807375
73	0.081657	0.0627365	0.0650085	0.05454	0.063528	0.071571	0.0405985	0.0650855	0.063885	0.0419265	0.0716725	0.0597485	0.052089	0.0659535	0.058957	0.081044
