pos	AA	AC	AG	AT	CA	CC	CG	CT	GA	GC	GG	GT	TA	TC	TG	TT
-73	0.0835505	0.05811	0.068046	0.0557345	0.06	0.0673305	0.0414305	0.0661045	0.0636015	0.040179	0.0680715	0.0631925	0.0534355	0.065645	0.062605	0.0829625
-72	0.0819665	0.0587485	0.0660025	0.05599	0.0585695	0.069119	0.0390295	0.0662835	0.064623	0.041379	0.0704215	0.0632185	0.0542525	0.0661305	0.061175	0.083091
-71	0.0846745	0.057369	0.064368	0.053129	0.0589525	0.0663345	0.041916	0.069272	0.0632695	0.0412265	0.0677905	0.062733	0.0559385	0.067331	0.063014	0.082682
-70	0.0818645	0.06	0.0645725	0.054074	0.0568325	0.0678925	0.0396935	0.0711875	0.0619925	0.039464	0.069732	0.0630395	0.057548	0.0661045	0.0638315	0.0821715
-69	0.0813025	0.060409	0.0639845	0.053819	0.0604855	0.0668455	0.038544	0.067765	0.065926	0.038774	0.068327	0.0643165	0.054202	0.069272	0.064036	0.0819925
-68	0.0809965	0.056347	0.0662325	0.0551465	0.0603575	0.070626	0.0402295	0.068557	0.0633715	0.0404345	0.0666155	0.059566	0.056092	0.066743	0.062861	0.0858235
-67	0.0789015	0.058238	0.0626305	0.0552235	0.060971	0.0681995	0.039719	0.067969	0.063959	0.04212	0.064266	0.064087	0.054176	0.0701915	0.062299	0.08705
-66	0.0780335	0.0621205	0.0631925	0.0552745	0.0590035	0.0681225	0.040332	0.068174	0.063576	0.0404855	0.0671265	0.0618905	0.053691	0.0700895	0.061967	0.086922
-65	0.080945	0.058059	0.0646485	0.0542785	0.0588505	0.069783	0.040639	0.0701405	0.0619415	0.043397	0.066258	0.0605365	0.053793	0.067944	0.061226	0.087561
-64	0.0797955	0.0591315	0.0646995	0.0545085	0.059004	0.0687865	0.040996	0.0694	0.063346	0.0424525	0.0662835	0.0613535	0.056143	0.0700125	0.0600765	0.0840105
-63	0.083474	0.0591825	0.063244	0.0529245	0.058825	0.070677	0.0392085	0.0690425	0.0615325	0.039898	0.070115	0.061558	0.056041	0.0705745	0.059566	0.084138
-62	0.0823495	0.0605875	0.063116	0.0525925	0.0602555	0.0696555	0.043193	0.067254	0.0657215	0.040204	0.065236	0.063576	0.0534355	0.0677905	0.060792	0.0842405
-61	0.0811495	0.058978	0.0661305	0.052695	0.060741	0.072133	0.041507	0.066948	0.064521	0.040383	0.0676625	0.065032	0.0546615	0.065517	0.0591825	0.0827585
-60	0.081354	0.062503	0.0649295	0.052465	0.0602295	0.0689145	0.041277	0.0659515	0.0620435	0.0412005	0.0674075	0.063116	0.054457	0.06705	0.0623245	0.0847765
-59	0.083091	0.0574965	0.0681995	0.0519285	0.056807	0.072184	0.041303	0.0685825	0.0615835	0.040996	0.0674585	0.061175	0.0571395	0.065594	0.05954	0.086922
-58	0.081609	0.059949	0.061047	0.0530525	0.058621	0.0701405	0.0402555	0.068557	0.0639085	0.042733	0.0673055	0.06	0.055581	0.0687105	0.06143	0.087101
-57	0.082835	0.0601785	0.063397	0.0533335	0.0589275	0.070907	0.040153	0.071188	0.0638825	0.042171	0.0648535	0.0623245	0.052567	0.065824	0.063729	0.083729
-56	0.0834225	0.0616095	0.0649295	0.0536655	0.0606385	0.068148	0.03788	0.069068	0.06424	0.0404345	0.070319	0.061226	0.0537675	0.0677395	0.060868	0.0820435
-55	0.082759	0.059106	0.065977	0.056092	0.062299	0.069144	0.039923	0.066718	0.066743	0.03765	0.0693485	0.0609705	0.0533845	0.0659515	0.060664	0.0832695
-54	0.082401	0.062197	0.0631165	0.0526435	0.058825	0.0694765	0.040102	0.0675865	0.062248	0.041405	0.0688635	0.0609195	0.0590295	0.0671775	0.0636525	0.0803575
-53	0.081967	0.060996	0.0648275	0.054023	0.058365	0.0675095	0.0409965	0.070268	0.0628865	0.040562	0.067203	0.0617625	0.057318	0.0685825	0.0593615	0.0833715
-52	0.0793615	0.060051	0.062682	0.055939	0.0605875	0.068991	0.0406895	0.067535	0.0630905	0.041175	0.068046	0.061737	0.059745	0.0662835	0.060332	0.083755
-51	0.0801025	0.0582885	0.0655685	0.0561175	0.061124	0.07152	0.0395915	0.067101	0.0643935	0.040434	0.06682	0.062273	0.055351	0.0668455	0.062963	0.081507
-50	0.084138	0.0619155	0.0639335	0.055811	0.058697	0.0674585	0.0390295	0.068327	0.06659	0.04189	0.0679435	0.056296	0.053257	0.065926	0.0626565	0.08613
-49	0.079872	0.0595655	0.0649045	0.0581865	0.061073	0.068659	0.039387	0.067816	0.06401	0.0416605	0.068225	0.061711	0.053308	0.0676885	0.0609965	0.0829375
-48	0.078263	0.0586205	0.062452	0.0551975	0.061303	0.068429	0.0410725	0.069272	0.0642915	0.0404595	0.0699365	0.060102	0.0549685	0.06728	0.06516	0.083193
-47	0.082069	0.0627585	0.065313	0.05507	0.056347	0.067152	0.041405	0.0655425	0.062912	0.0413025	0.0713155	0.0599235	0.0521835	0.0679435	0.0625035	0.086258
-46	0.0816095	0.058442	0.0610985	0.054789	0.061967	0.068557	0.041558	0.068736	0.0679185	0.043295	0.0685055	0.0613535	0.054457	0.0657215	0.0613025	0.0806895
-45	0.080843	0.058365	0.066105	0.053742	0.0571135	0.0737675	0.04069	0.069553	0.0634485	0.039949	0.070728	0.060792	0.056424	0.065134	0.0612005	0.0821455
-44	0.081686	0.060562	0.065083	0.051341	0.0598725	0.0679435	0.0397955	0.071673	0.065083	0.040179	0.0717755	0.059387	0.0536655	0.067893	0.062248	0.081814
-43	0.0812005	0.062069	0.0641635	0.055581	0.060971	0.071418	0.0423245	0.063576	0.0614305	0.0404345	0.0710855	0.062784	0.054432	0.067816	0.06166	0.079055
-42	0.0821965	0.0586975	0.0641635	0.054432	0.0595915	0.0694765	0.038825	0.0675865	0.064725	0.0432695	0.06894	0.0641895	0.057599	0.0658235	0.0586975	0.081788
-41	0.0813025	0.0586465	0.065006	0.0548145	0.058135	0.0702175	0.040562	0.0668965	0.0651595	0.039336	0.0696295	0.0618135	0.0525675	0.0669475	0.0643165	0.084649
-40	0.080409	0.058646	0.0626055	0.0519285	0.057957	0.0684545	0.040562	0.0673815	0.0619415	0.0412515	0.0741765	0.062069	0.056833	0.0660795	0.065185	0.0845215
-39	0.0790295	0.0599235	0.065415	0.0553515	0.056194	0.0667685	0.040051	0.0684545	0.066258	0.0400765	0.0719285	0.0634995	0.050626	0.0698595	0.0616095	0.0849555
-38	0.083091	0.055479	0.0624775	0.053359	0.0631165	0.0707025	0.0413285	0.067816	0.063857	0.041456	0.0722865	0.0607915	0.0539975	0.066054	0.060996	0.083193
-37	0.0818135	0.0606895	0.0664365	0.055862	0.059055	0.071622	0.042452	0.069553	0.063193	0.039898	0.069451	0.059719	0.0539205	0.0673305	0.059157	0.079847
-36	0.0820945	0.0627585	0.0652105	0.053308	0.05811	0.071596	0.040281	0.0665645	0.0669985	0.0402555	0.071954	0.056654	0.053461	0.070345	0.059336	0.0810725
-35	0.0864365	0.06023	0.0607665	0.054866	0.060051	0.0680715	0.041788	0.068404	0.0660535	0.0399235	0.069987	0.057931	0.056986	0.0664365	0.0586205	0.0834485
-34	0.08447	0.061124	0.065645	0.054866	0.0606895	0.070013	0.037497	0.0655425	0.0648785	0.0404345	0.0667945	0.0614305	0.05765	0.0657725	0.0609965	0.0821965
-33	0.08046	0.0609965	0.066539	0.0587995	0.0618905	0.068659	0.039974	0.067203	0.0685315	0.0399745	0.069681	0.0589785	0.053231	0.065747	0.059566	0.07977
-32	0.078927	0.060332	0.06424	0.0579055	0.058876	0.070396	0.0419155	0.06516	0.0650315	0.041405	0.0685825	0.060102	0.0565515	0.0666665	0.0613285	0.08258
-31	0.0807665	0.05553	0.0629375	0.052516	0.0610985	0.0717755	0.042452	0.0671775	0.0655685	0.0403065	0.0703195	0.0632695	0.0559385	0.0703195	0.058263	0.0817625
-30	0.080204	0.062554	0.067433	0.0556835	0.0583655	0.07272	0.043167	0.063397	0.0639335	0.0401275	0.0681995	0.05977	0.0543295	0.069706	0.060562	0.0798465
-29	0.081175	0.063755	0.0657215	0.057931	0.061941	0.0703705	0.040102	0.065594	0.0637545	0.039489	0.0712135	0.0616095	0.0522865	0.0626055	0.059464	0.0829885
-28	0.0832185	0.0600765	0.063448	0.052746	0.062427	0.0711875	0.0386205	0.063014	0.0664875	0.043525	0.070396	0.059387	0.0561945	0.0664625	0.0593615	0.0834485
-27	0.0814045	0.062069	0.0656195	0.0551465	0.058442	0.0709325	0.0415325	0.0728735	0.066437	0.038263	0.069962	0.0585185	0.0519285	0.067535	0.058263	0.081073
-26	0.0830905	0.0591315	0.0656195	0.051571	0.060128	0.070013	0.040536	0.067433	0.065875	0.0381865	0.072286	0.060383	0.0547125	0.066922	0.0635505	0.080562
-25	0.084751	0.0602295	0.067203	0.054585	0.0611495	0.069655	0.0392595	0.063142	0.06636	0.042452	0.0724645	0.060613	0.0543295	0.061788	0.0625545	0.079464
-24	0.0843935	0.058442	0.0674585	0.05341	0.058519	0.073512	0.0401025	0.064598	0.0678675	0.0400255	0.0735885	0.060996	0.055096	0.0642915	0.0581865	0.0795145
-23	0.0823245	0.0615325	0.065875	0.0569345	0.057803	0.071673	0.041047	0.0653385	0.064419	0.040715	0.0725925	0.0594895	0.0549935	0.066156	0.061558	0.077548
-22	0.082018	0.0592335	0.0630905	0.0520565	0.0594125	0.0716985	0.0410215	0.067816	0.0661815	0.0414815	0.07106	0.062886	0.0560155	0.0647765	0.0608685	0.080383
-21	0.0790295	0.060485	0.0659005	0.057778	0.059387	0.0687105	0.041686	0.066794	0.062963	0.040945	0.072082	0.060894	0.05341	0.066309	0.0618645	0.0817625
-20	0.080281	0.061405	0.0626565	0.0531545	0.0592845	0.068148	0.0414305	0.0649045	0.0668455	0.0426055	0.0711365	0.060843	0.057216	0.0651085	0.0639845	0.080996
-19	0.082861	0.0595145	0.063448	0.0550445	0.06166	0.067075	0.043474	0.0670245	0.067152	0.0418395	0.0686845	0.0594125	0.052235	0.0649555	0.063193	0.0824265
-18	0.085594	0.0600255	0.069042	0.054304	0.0604595	0.069349	0.038263	0.0633205	0.0630905	0.0427585	0.069144	0.064598	0.054738	0.065287	0.060766	0.0792595
-17	0.083985	0.058212	0.066897	0.0557345	0.06212	0.0673815	0.041328	0.065773	0.06682	0.0407665	0.0719795	0.0613285	0.054457	0.0662325	0.0602045	0.0767815
-16	0.084087	0.0618645	0.0684545	0.0512645	0.0598215	0.069221	0.039438	0.0653385	0.065492	0.039489	0.07106	0.06235	0.0523375	0.066309	0.0618645	0.081609
-15	0.08613	0.06023	0.0633715	0.0540995	0.0600765	0.0695275	0.041379	0.065466	0.0650065	0.0421965	0.0671775	0.0644445	0.0555045	0.0675095	0.059949	0.077931
-14	0.083576	0.060664	0.0636785	0.0589785	0.0627075	0.0743555	0.041405	0.0667945	0.0649045	0.0406895	0.067944	0.058493	0.05576	0.067535	0.0557855	0.0767305
-13	0.0804085	0.062018	0.0653895	0.0524905	0.062069	0.072005	0.0436525	0.063959	0.06378	0.037318	0.0707795	0.0591825	0.057318	0.0694505	0.059336	0.080843
-12	0.077829	0.060102	0.064189	0.0563985	0.059974	0.0674585	0.042299	0.069425	0.065313	0.040434	0.071162	0.0647	0.053308	0.06705	0.0602045	0.080153
-11	0.0813535	0.0596935	0.067944	0.053129	0.059387	0.070217	0.0399235	0.0655425	0.067356	0.039208	0.071111	0.0595145	0.05106	0.0678415	0.063729	0.0829885
-10	0.082018	0.0577775	0.0665905	0.0552745	0.062043	0.0677135	0.0413025	0.0684545	0.066028	0.0431415	0.06871	0.0580075	0.054738	0.066411	0.0601535	0.081635
-9	0.083244	0.060281	0.0657475	0.0546105	0.058876	0.0708045	0.0384165	0.065849	0.062759	0.0414305	0.0715455	0.0595655	0.054432	0.069655	0.059438	0.083346
-8	0.081507	0.0613535	0.0642145	0.052465	0.0629885	0.0680205	0.0414305	0.067203	0.0644445	0.041456	0.0695785	0.0617625	0.0526435	0.064419	0.0630655	0.083448
-7	0.081737	0.0604085	0.063244	0.0536655	0.0604595	0.0693745	0.04281	0.064802	0.066207	0.041124	0.0696295	0.0602045	0.055351	0.0657725	0.06189	0.0833205
-6	0.0821455	0.0583395	0.0649555	0.05387	0.0610215	0.0680205	0.041328	0.0660795	0.064368	0.0409195	0.069962	0.0618135	0.0569855	0.0644445	0.0608175	0.08493
-5	0.0845725	0.0600255	0.0655685	0.057088	0.05834	0.0725415	0.0386205	0.0647765	0.061175	0.0413535	0.071775	0.061405	0.0550705	0.065543	0.0593615	0.082784
-4	0.0823245	0.0621455	0.0654915	0.0558365	0.0576245	0.069272	0.0413795	0.068557	0.069068	0.0387995	0.0674075	0.058876	0.0546615	0.06682	0.0603325	0.0814045
-3	0.0822985	0.0602555	0.066258	0.053359	0.0617625	0.068199	0.0402555	0.0651595	0.066692	0.040281	0.067305	0.061175	0.057037	0.066207	0.0606895	0.083065
-2	0.0858745	0.0641125	0.063729	0.05484	0.0597705	0.066437	0.040077	0.0664625	0.064674	0.040332	0.06894	0.061788	0.053461	0.065696	0.0597955	0.08401
-1	0.084061	0.057088	0.0666925	0.05364	0.063959	0.069732	0.0384165	0.061711	0.0651855	0.0402555	0.069476	0.060281	0.0535635	0.063934	0.0653635	0.086641
0	0.0846235	0.058774	0.0645215	0.053793	0.0598725	0.0715195	0.0400255	0.066871	0.066871	0.0400255	0.0715195	0.0598725	0.053793	0.0645215	0.058774	0.0846235
1	0.086641	0.0653635	0.063934	0.0535635	0.060281	0.069476	0.0402555	0.0651855	0.061711	0.0384165	0.069732	0.063959	0.05364	0.0666925	0.057088	0.084061
2	0.08401	0.0597955	0.065696	0.053461	0.061788	0.06894	0.040332	0.064674	0.0664625	0.040077	0.066437	0.0597705	0.05484	0.063729	0.0641125	0.0858745
3	0.083065	0.0606895	0.066207	0.057037	0.061175	0.067305	0.040281	0.066692	0.0651595	0.0402555	0.068199	0.0617625	0.053359	0.066258	0.0602555	0.0822985
4	0.0814045	0.0603325	0.06682	0.0546615	0.058876	0.0674075	0.0387995	0.069068	0.068557	0.0413795	0.069272	0.0576245	0.0558365	0.0654915	0.0621455	0.0823245
5	0.082784	0.0593615	0.065543	0.0550705	0.061405	0.071775	0.0413535	0.061175	0.0647765	0.0386205	0.0725415	0.05834	0.057088	0.0655685	0.0600255	0.0845725
6	0.08493	0.0608175	0.0644445	0.0569855	0.0618135	0.069962	0.0409195	0.064368	0.0660795	0.041328	0.0680205	0.0610215	0.05387	0.0649555	0.0583395	0.0821455
7	0.0833205	0.06189	0.0657725	0.055351	0.0602045	0.0696295	0.041124	0.066207	0.064802	0.04281	0.0693745	0.0604595	0.0536655	0.063244	0.0604085	0.081737
8	0.083448	0.0630655	0.064419	0.0526435	0.0617625	0.0695785	0.041456	0.0644445	0.067203	0.0414305	0.0680205	0.0629885	0.052465	0.0642145	0.0613535	0.081507
9	0.083346	0.059438	0.069655	0.054432	0.0595655	0.0715455	0.0414305	0.062759	0.065849	0.0384165	0.0708045	0.058876	0.0546105	0.0657475	0.060281	0.083244
10	0.081635	0.0601535	0.066411	0.054738	0.0580075	0.06871	0.0431415	0.066028	0.0684545	0.0413025	0.0677135	0.062043	0.0552745	0.0665905	0.0577775	0.082018
11	0.0829885	0.063729	0.0678415	0.05106	0.0595145	0.071111	0.039208	0.067356	0.0655425	0.0399235	0.070217	0.059387	0.053129	0.067944	0.0596935	0.0813535
12	0.080153	0.0602045	0.06705	0.053308	0.0647	0.071162	0.040434	0.065313	0.069425	0.042299	0.0674585	0.059974	0.0563985	0.064189	0.060102	0.077829
13	0.080843	0.059336	0.0694505	0.057318	0.0591825	0.0707795	0.037318	0.06378	0.063959	0.0436525	0.072005	0.062069	0.0524905	0.0653895	0.062018	0.0804085
14	0.0767305	0.0557855	0.067535	0.05576	0.058493	0.067944	0.0406895	0.0649045	0.0667945	0.041405	0.0743555	0.0627075	0.0589785	0.0636785	0.060664	0.083576
15	0.077931	0.059949	0.0675095	0.0555045	0.0644445	0.0671775	0.0421965	0.0650065	0.065466	0.041379	0.0695275	0.0600765	0.0540995	0.0633715	0.06023	0.08613
16	0.081609	0.0618645	0.066309	0.0523375	0.06235	0.07106	0.039489	0.065492	0.0653385	0.039438	0.069221	0.0598215	0.0512645	0.0684545	0.0618645	0.084087
17	0.0767815	0.0602045	0.0662325	0.054457	0.0613285	0.0719795	0.0407665	0.06682	0.065773	0.041328	0.0673815	0.06212	0.0557345	0.066897	0.058212	0.083985
18	0.0792595	0.060766	0.065287	0.054738	0.064598	0.069144	0.0427585	0.0630905	0.0633205	0.038263	0.069349	0.0604595	0.054304	0.069042	0.0600255	0.085594
19	0.0824265	0.063193	0.0649555	0.052235	0.0594125	0.0686845	0.0418395	0.067152	0.0670245	0.043474	0.067075	0.06166	0.0550445	0.063448	0.0595145	0.082861
20	0.080996	0.0639845	0.0651085	0.057216	0.060843	0.0711365	0.0426055	0.0668455	0.0649045	0.0414305	0.068148	0.0592845	0.0531545	0.0626565	0.061405	0.080281
21	0.0817625	0.0618645	0.066309	0.05341	0.060894	0.072082	0.040945	0.062963	0.066794	0.041686	0.0687105	0.059387	0.057778	0.0659005	0.060485	0.0790295
22	0.080383	0.0608685	0.0647765	0.0560155	0.062886	0.07106	0.0414815	0.0661815	0.067816	0.0410215	0.0716985	0.0594125	0.0520565	0.0630905	0.0592335	0.082018
23	0.077548	0.061558	0.066156	0.0549935	0.0594895	0.0725925	0.040715	0.064419	0.0653385	0.041047	0.071673	0.057803	0.0569345	0.065875	0.0615325	0.0823245
24	0.0795145	0.0581865	0.0642915	0.055096	0.060996	0.0735885	0.0400255	0.0678675	0.064598	0.0401025	0.073512	0.058519	0.05341	0.0674585	0.058442	0.0843935
25	0.079464	0.0625545	0.061788	0.0543295	0.060613	0.0724645	0.042452	0.06636	0.063142	0.0392595	0.069655	0.0611495	0.054585	0.067203	0.0602295	0.084751
26	0.080562	0.0635505	0.066922	0.0547125	0.060383	0.072286	0.0381865	0.065875	0.067433	0.040536	0.070013	0.060128	0.051571	0.0656195	0.0591315	0.0830905
27	0.081073	0.058263	0.067535	0.0519285	0.0585185	0.069962	0.038263	0.066437	0.0728735	0.0415325	0.0709325	0.058442	0.0551465	0.0656195	0.062069	0.0814045
28	0.0834485	0.0593615	0.0664625	0.0561945	0.059387	0.070396	0.043525	0.0664875	0.063014	0.0386205	0.0711875	0.062427	0.052746	0.063448	0.0600765	0.0832185
29	0.0829885	0.059464	0.0626055	0.0522865	0.0616095	0.0712135	0.039489	0.0637545	0.065594	0.040102	0.0703705	0.061941	0.057931	0.0657215	0.063755	0.081175
30	0.0798465	0.060562	0.069706	0.0543295	0.05977	0.0681995	0.0401275	0.0639335	0.063397	0.043167	0.07272	0.0583655	0.0556835	0.067433	0.062554	0.080204
31	0.0817625	0.058263	0.0703195	0.0559385	0.0632695	0.0703195	0.0403065	0.0655685	0.0671775	0.042452	0.0717755	0.0610985	0.052516	0.0629375	0.05553	0.0807665
32	0.08258	0.0613285	0.0666665	0.0565515	0.060102	0.0685825	0.041405	0.0650315	0.06516	0.0419155	0.070396	0.058876	0.0579055	0.06424	0.060332	0.078927
33	0.07977	0.059566	0.065747	0.053231	0.0589785	0.069681	0.0399745	0.0685315	0.067203	0.039974	0.068659	0.0618905	0.0587995	0.066539	0.0609965	0.08046
34	0.0821965	0.0609965	0.0657725	0.05765	0.0614305	0.0667945	0.0404345	0.0648785	0.0655425	0.037497	0.070013	0.0606895	0.054866	0.065645	0.061124	0.08447
35	0.0834485	0.0586205	0.0664365	0.056986	0.057931	0.069987	0.0399235	0.0660535	0.068404	0.041788	0.0680715	0.060051	0.054866	0.0607665	0.06023	0.0864365
36	0.0810725	0.059336	0.070345	0.053461	0.056654	0.071954	0.0402555	0.0669985	0.0665645	0.040281	0.071596	0.05811	0.053308	0.0652105	0.0627585	0.0820945
37	0.079847	0.059157	0.0673305	0.0539205	0.059719	0.069451	0.039898	0.063193	0.069553	0.042452	0.071622	0.059055	0.055862	0.0664365	0.0606895	0.0818135
38	0.083193	0.060996	0.066054	0.0539975	0.0607915	0.0722865	0.041456	0.063857	0.067816	0.0413285	0.0707025	0.0631165	0.053359	0.0624775	0.055479	0.083091
39	0.0849555	0.0616095	0.0698595	0.050626	0.0634995	0.0719285	0.0400765	0.066258	0.0684545	0.040051	0.0667685	0.056194	0.0553515	0.065415	0.0599235	0.0790295
40	0.0845215	0.065185	0.0660795	0.056833	0.062069	0.0741765	0.0412515	0.0619415	0.0673815	0.040562	0.0684545	0.057957	0.0519285	0.0626055	0.058646	0.080409
41	0.084649	0.0643165	0.0669475	0.0525675	0.0618135	0.0696295	0.039336	0.0651595	0.0668965	0.040562	0.0702175	0.058135	0.0548145	0.065006	0.0586465	0.0813025
42	0.081788	0.0586975	0.0658235	0.057599	0.0641895	0.06894	0.0432695	0.064725	0.0675865	0.038825	0.0694765	0.0595915	0.054432	0.0641635	0.0586975	0.0821965
43	0.079055	0.06166	0.067816	0.054432	0.062784	0.0710855	0.0404345	0.0614305	0.063576	0.0423245	0.071418	0.060971	0.055581	0.0641635	0.062069	0.0812005
44	0.081814	0.062248	0.067893	0.0536655	0.059387	0.0717755	0.040179	0.065083	0.071673	0.0397955	0.0679435	0.0598725	0.051341	0.065083	0.060562	0.081686
45	0.0821455	0.0612005	0.065134	0.056424	0.060792	0.070728	0.039949	0.0634485	0.069553	0.04069	0.0737675	0.0571135	0.053742	0.066105	0.058365	0.080843
46	0.0806895	0.0613025	0.0657215	0.054457	0.0613535	0.0685055	0.043295	0.0679185	0.068736	0.041558	0.068557	0.061967	0.054789	0.0610985	0.058442	0.0816095
47	0.086258	0.0625035	0.0679435	0.0521835	0.0599235	0.0713155	0.0413025	0.062912	0.0655425	0.041405	0.067152	0.056347	0.05507	0.065313	0.0627585	0.082069
48	0.083193	0.06516	0.06728	0.0549685	0.060102	0.0699365	0.0404595	0.0642915	0.069272	0.0410725	0.068429	0.061303	0.0551975	0.062452	0.0586205	0.078263
49	0.0829375	0.0609965	0.0676885	0.053308	0.061711	0.068225	0.0416605	0.06401	0.067816	0.039387	0.068659	0.061073	0.0581865	0.0649045	0.0595655	0.079872
50	0.08613	0.0626565	0.065926	0.053257	0.056296	0.0679435	0.04189	0.06659	0.068327	0.0390295	0.0674585	0.058697	0.055811	0.0639335	0.0619155	0.084138
51	0.081507	0.062963	0.0668455	0.055351	0.062273	0.06682	0.040434	0.0643935	0.067101	0.0395915	0.07152	0.061124	0.0561175	0.0655685	0.0582885	0.0801025
52	0.083755	0.060332	0.0662835	0.059745	0.061737	0.068046	0.041175	0.0630905	0.067535	0.0406895	0.068991	0.0605875	0.055939	0.062682	0.060051	0.0793615
53	0.0833715	0.0593615	0.0685825	0.057318	0.0617625	0.067203	0.040562	0.0628865	0.070268	0.0409965	0.0675095	0.058365	0.054023	0.0648275	0.060996	0.081967
54	0.0803575	0.0636525	0.0671775	0.0590295	0.0609195	0.0688635	0.041405	0.062248	0.0675865	0.040102	0.0694765	0.058825	0.0526435	0.0631165	0.062197	0.082401
55	0.0832695	0.060664	0.0659515	0.0533845	0.0609705	0.0693485	0.03765	0.066743	0.066718	0.039923	0.069144	0.062299	0.056092	0.065977	0.059106	0.082759
56	0.0820435	0.060868	0.0677395	0.0537675	0.061226	0.070319	0.0404345	0.06424	0.069068	0.03788	0.068148	0.0606385	0.0536655	0.0649295	0.0616095	0.0834225
57	0.083729	0.063729	0.065824	0.052567	0.0623245	0.0648535	0.042171	0.0638825	0.071188	0.040153	0.070907	0.0589275	0.0533335	0.063397	0.0601785	0.082835
58	0.087101	0.06143	0.0687105	0.055581	0.06	0.0673055	0.042733	0.0639085	0.068557	0.0402555	0.0701405	0.058621	0.0530525	0.061047	0.059949	0.081609
59	0.086922	0.05954	0.065594	0.0571395	0.061175	0.0674585	0.040996	0.0615835	0.0685825	0.041303	0.072184	0.056807	0.0519285	0.0681995	0.0574965	0.083091
60	0.0847765	0.0623245	0.06705	0.054457	0.063116	0.0674075	0.0412005	0.0620435	0.0659515	0.041277	0.0689145	0.0602295	0.052465	0.0649295	0.062503	0.081354
61	0.0827585	0.0591825	0.065517	0.0546615	0.065032	0.0676625	0.040383	0.064521	0.066948	0.041507	0.072133	0.060741	0.052695	0.0661305	0.058978	0.0811495
62	0.0842405	0.060792	0.0677905	0.0534355	0.063576	0.065236	0.040204	0.0657215	0.067254	0.043193	0.0696555	0.0602555	0.0525925	0.063116	0.0605875	0.0823495
63	0.084138	0.059566	0.0705745	0.056041	0.061558	0.070115	0.039898	0.0615325	0.0690425	0.0392085	0.070677	0.058825	0.0529245	0.063244	0.0591825	0.083474
64	0.0840105	0.0600765	0.0700125	0.056143	0.0613535	0.0662835	0.0424525	0.063346	0.0694	0.040996	0.0687865	0.059004	0.0545085	0.0646995	0.0591315	0.0797955
65	0.087561	0.061226	0.067944	0.053793	0.0605365	0.066258	0.043397	0.0619415	0.0701405	0.040639	0.069783	0.0588505	0.0542785	0.0646485	0.058059	0.080945
66	0.086922	0.061967	0.0700895	0.053691	0.0618905	0.0671265	0.0404855	0.063576	0.068174	0.040332	0.0681225	0.0590035	0.0552745	0.0631925	0.0621205	0.0780335
67	0.08705	0.062299	0.0701915	0.054176	0.064087	0.064266	0.04212	0.063959	0.067969	0.039719	0.0681995	0.060971	0.0552235	0.0626305	0.058238	0.0789015
68	0.0858235	0.062861	0.066743	0.056092	0.059566	0.0666155	0.0404345	0.0633715	0.068557	0.0402295	0.070626	0.0603575	0.0551465	0.0662325	0.056347	0.0809965
69	0.0819925	0.064036	0.069272	0.054202	0.0643165	0.068327	0.038774	0.065926	0.067765	0.038544	0.0668455	0.0604855	0.053819	0.0639845	0.060409	0.0813025
70	0.0821715	0.0638315	0.0661045	0.057548	0.0630395	0.069732	0.039464	0.0619925	0.0711875	0.0396935	0.0678925	0.0568325	0.054074	0.0645725	0.06	0.0818645
71	0.082682	0.063014	0.067331	0.0559385	0.062733	0.0677905	0.0412265	0.0632695	0.069272	0.041916	0.0663345	0.0589525	0.053129	0.064368	0.057369	0.0846745
72	0.083091	0.061175	0.0661305	0.0542525	0.0632185	0.0704215	0.041379	0.064623	0.0662835	0.0390295	0.069119	0.0585695	0.05599	0.0660025	0.0587485	0.0819665
73	0.0829625	0.062605	0.065645	0.0534355	0.0631925	0.0680715	0.040179	0.0636015	0.0661045	0.0414305	0.0673305	0.06	0.0557345	0.068046	0.05811	0.0835505
