pos	AA	AC	AG	AT	CA	CC	CG	CT	GA	GC	GG	GT	TA	TC	TG	TT
-73	0.085812	0.0628845	0.067321	0.057778	0.0656105	0.063033	0.031504	0.0686595	0.0673955	0.030215	0.0613475	0.0620415	0.060678	0.069254	0.0616445	0.0848205
-72	0.08549	0.064917	0.0679905	0.059464	0.0637765	0.063826	0.030835	0.068114	0.067767	0.0312315	0.0622895	0.06162	0.0559935	0.0684365	0.0610005	0.0872495
-71	0.0857125	0.0624135	0.0669245	0.0584225	0.063107	0.0620665	0.0310825	0.067792	0.067767	0.030116	0.0641485	0.062537	0.059389	0.0692045	0.062438	0.086878
-70	0.085242	0.0626365	0.0667015	0.06105	0.061992	0.063454	0.0296945	0.0690315	0.070023	0.0305125	0.0627355	0.064768	0.0566625	0.067792	0.0628345	0.08487
-69	0.0843495	0.062537	0.06856	0.059265	0.0631075	0.062165	0.03138	0.067197	0.067693	0.0301905	0.063231	0.0604055	0.059092	0.0706425	0.064793	0.0853905
-68	0.083928	0.0618675	0.0694035	0.0579515	0.063454	0.062686	0.0321735	0.0677175	0.0671225	0.0317765	0.0625125	0.0627105	0.062017	0.0676685	0.060257	0.0867535
-67	0.082317	0.0648175	0.0676185	0.0618185	0.063975	0.0626615	0.029744	0.0673955	0.067222	0.0317025	0.0626365	0.062438	0.060926	0.0675195	0.062661	0.084548
-66	0.0840025	0.062835	0.069205	0.060083	0.0639995	0.061694	0.0321985	0.0695765	0.069775	0.0294965	0.06219	0.0610995	0.0570845	0.067891	0.0641735	0.0846965
-65	0.0842505	0.061595	0.068833	0.0592405	0.063157	0.063281	0.0300665	0.0672465	0.0677175	0.0327185	0.0636525	0.0645945	0.058175	0.0691305	0.0612235	0.085118
-64	0.0845975	0.0612235	0.0656605	0.0587695	0.061273	0.0661065	0.029967	0.068709	0.0678415	0.032818	0.0649415	0.0621655	0.061744	0.066528	0.0633795	0.084275
-63	0.085564	0.0641235	0.068238	0.0607775	0.0610005	0.06338	0.0313305	0.0673955	0.067941	0.0295955	0.064669	0.0616945	0.058819	0.0679655	0.0637765	0.08373
-62	0.085688	0.058695	0.067668	0.061868	0.0645695	0.063603	0.0320495	0.06628	0.0682135	0.031405	0.0616945	0.0631815	0.059414	0.066949	0.0654125	0.0833085
-61	0.083284	0.061645	0.0676435	0.061496	0.061496	0.065462	0.0305375	0.0675195	0.067569	0.033115	0.0620415	0.062909	0.057877	0.068957	0.0660075	0.082441
-60	0.0824905	0.061992	0.067792	0.057902	0.0641485	0.0640245	0.029546	0.0686595	0.0673955	0.0305125	0.0662055	0.0637765	0.058745	0.068957	0.0621655	0.085688
-59	0.082094	0.0630575	0.068635	0.0583485	0.0604305	0.06167	0.030463	0.0689075	0.0699485	0.032297	0.064917	0.0620165	0.0575795	0.0697995	0.0615455	0.088291
-58	0.084399	0.0601575	0.066032	0.059885	0.0639995	0.063603	0.032	0.067941	0.065462	0.0306115	0.065016	0.0648915	0.0579765	0.0685355	0.0656355	0.083854
-57	0.0837055	0.062289	0.069056	0.0591665	0.0628345	0.059637	0.0312065	0.072105	0.067544	0.0307855	0.0630825	0.0635535	0.056762	0.069527	0.064	0.0847465
-56	0.0839035	0.0614215	0.0693785	0.058026	0.062116	0.0633305	0.0301655	0.0678415	0.068486	0.031628	0.0610005	0.0621155	0.058968	0.069428	0.067172	0.0850185
-55	0.083879	0.060232	0.065933	0.059538	0.0638015	0.06571	0.0303145	0.0663295	0.069453	0.0324705	0.0627605	0.0650655	0.05934	0.067792	0.0619175	0.085465
-54	0.0845475	0.062711	0.0689075	0.058125	0.0625865	0.0626615	0.030909	0.0691055	0.067842	0.0295955	0.064049	0.0653875	0.058497	0.0675195	0.064074	0.083482
-53	0.0848205	0.0637765	0.070023	0.058695	0.0611495	0.059191	0.033363	0.0687585	0.066776	0.0327435	0.063405	0.0606535	0.0593645	0.0684615	0.063752	0.0850685
-52	0.085093	0.063504	0.0662055	0.0610995	0.061744	0.0656355	0.0297935	0.065859	0.0682875	0.0317765	0.065016	0.0634795	0.05991	0.0660815	0.061992	0.0845235
-51	0.0853165	0.0625125	0.067296	0.0578275	0.0642725	0.062066	0.0310825	0.0688085	0.0697255	0.0318015	0.064099	0.0621655	0.0569355	0.0685855	0.064074	0.0834325
-50	0.0839035	0.0632065	0.069428	0.05986	0.0613475	0.0634295	0.0310575	0.069081	0.066528	0.030463	0.0642475	0.061149	0.060951	0.0679655	0.0630575	0.084325
-49	0.0857625	0.0623885	0.0668255	0.060331	0.063826	0.060257	0.0307605	0.0698245	0.0692795	0.030612	0.0612235	0.064842	0.059315	0.069279	0.061397	0.084077
-48	0.087423	0.0613725	0.0663295	0.057431	0.064297	0.0629335	0.0290505	0.066156	0.065809	0.030042	0.065115	0.064049	0.061323	0.0692545	0.063603	0.085812
-47	0.0857375	0.064545	0.0683375	0.0606285	0.0626115	0.0593395	0.0312315	0.067693	0.0667755	0.031405	0.06162	0.064867	0.0584475	0.0686595	0.0615455	0.0865555
-46	0.0856385	0.0624875	0.065437	0.059761	0.0649165	0.0596125	0.0318265	0.0725015	0.066974	0.029224	0.0623885	0.0620165	0.0609755	0.067247	0.0634295	0.085564
-45	0.086382	0.063231	0.068808	0.059364	0.060901	0.063256	0.029422	0.0671475	0.06514	0.030463	0.0639995	0.0599845	0.0608515	0.06918	0.0647185	0.0871505
-44	0.0855145	0.063256	0.068486	0.0599595	0.0615705	0.063925	0.0303145	0.06742	0.071361	0.0314295	0.061942	0.06276	0.059885	0.0669245	0.0618925	0.083358
-43	0.0850935	0.06571	0.070023	0.059637	0.0625125	0.062785	0.0315785	0.067048	0.0687335	0.031851	0.0609755	0.063157	0.0580015	0.0673455	0.061546	0.0840025
-42	0.084672	0.062289	0.0671475	0.0593645	0.0666515	0.0608515	0.0305625	0.06747	0.0685355	0.030736	0.063454	0.061298	0.0597365	0.068486	0.0630575	0.0856885
-41	0.0843995	0.0630825	0.0691055	0.0613225	0.060678	0.0624875	0.0316775	0.0703205	0.066974	0.0278855	0.0639995	0.0659825	0.0570595	0.0670235	0.064644	0.083358
-40	0.0826395	0.058596	0.06742	0.055027	0.060579	0.0633305	0.0328675	0.06742	0.0698245	0.0323965	0.063529	0.063603	0.0626115	0.070692	0.061967	0.0874975
-39	0.0824655	0.0637515	0.0668995	0.0598605	0.0629585	0.0594385	0.02962	0.070692	0.0677425	0.0319505	0.0629585	0.064743	0.056514	0.068486	0.0654125	0.086506
-38	0.0871755	0.0626615	0.0672465	0.061868	0.0606785	0.0606035	0.0322725	0.067321	0.0676435	0.0293475	0.0631325	0.0635535	0.058819	0.066776	0.064991	0.085911
-37	0.083061	0.061843	0.069329	0.0606535	0.060604	0.064099	0.030042	0.0675445	0.0691055	0.032322	0.0612235	0.0623885	0.061645	0.068263	0.0629835	0.084895
-36	0.0832345	0.0650155	0.067123	0.057059	0.0624875	0.0623145	0.03195	0.0712125	0.0663295	0.03081	0.0626615	0.0635285	0.0618435	0.0678415	0.0601825	0.086407
-35	0.0862335	0.062438	0.069106	0.057233	0.0621405	0.0633305	0.0312065	0.068734	0.0675935	0.032099	0.0603805	0.0629835	0.059067	0.0695765	0.06395	0.0839285
-34	0.085564	0.062438	0.06685	0.058918	0.0621405	0.0613225	0.0307605	0.0701715	0.0714355	0.031405	0.061496	0.06457	0.0599095	0.066726	0.0651645	0.0811275
-33	0.0854155	0.0609015	0.069502	0.0611245	0.0624135	0.0623885	0.0300915	0.065561	0.066875	0.032297	0.06395	0.062388	0.0589925	0.06628	0.065685	0.0861345
-32	0.08544	0.06281	0.067693	0.059017	0.0611245	0.0620415	0.031033	0.069428	0.067222	0.032322	0.0617195	0.0635535	0.0593645	0.0664285	0.064421	0.086382
-31	0.0835565	0.0651645	0.0654375	0.060182	0.063256	0.063231	0.0308845	0.069651	0.0686595	0.030686	0.062909	0.0610745	0.0584225	0.0698245	0.0625125	0.084548
-30	0.082565	0.063851	0.0678415	0.056415	0.064198	0.065784	0.0307355	0.069056	0.0668005	0.030711	0.0621155	0.062884	0.0603805	0.0682875	0.064297	0.084077
-29	0.0861095	0.0625865	0.068461	0.06105	0.062314	0.063628	0.030339	0.067222	0.068883	0.0304135	0.0615705	0.0634795	0.058522	0.067371	0.0630085	0.0850435
-28	0.087671	0.0632315	0.068858	0.0585465	0.065214	0.062066	0.030463	0.068139	0.0681885	0.0310085	0.062463	0.0616445	0.0572325	0.0658835	0.0629335	0.0864565
-27	0.085391	0.062116	0.0669495	0.0577785	0.063603	0.0612485	0.03195	0.067916	0.069254	0.0316775	0.064669	0.061794	0.060455	0.068932	0.06105	0.085217
-26	0.0857375	0.062909	0.067866	0.0606035	0.0597855	0.06219	0.032545	0.065735	0.0699735	0.030959	0.0633055	0.061967	0.057555	0.067891	0.064396	0.0865805
-25	0.084994	0.0631075	0.0681145	0.057307	0.0619175	0.061719	0.0318755	0.0647435	0.0666765	0.0314795	0.065685	0.06566	0.060133	0.068139	0.062884	0.0855645
-24	0.083507	0.0622645	0.068858	0.06048	0.063826	0.062339	0.031752	0.067941	0.069552	0.0295455	0.064446	0.06509	0.0580505	0.0650655	0.062909	0.0843745
-23	0.0872745	0.0633305	0.070271	0.059687	0.0614715	0.0623635	0.0314545	0.066726	0.0694775	0.031628	0.062314	0.0622395	0.058249	0.0674445	0.0620415	0.084027
-22	0.0850435	0.0610005	0.068536	0.0612735	0.06333	0.0622895	0.0321735	0.068833	0.069899	0.0317025	0.064768	0.059885	0.0584225	0.0691305	0.061893	0.0818215
-21	0.08254	0.062785	0.0691555	0.058348	0.0642725	0.06276	0.028976	0.069899	0.0671475	0.031653	0.0633055	0.0634045	0.059538	0.0676185	0.0652885	0.0833085
-20	0.084697	0.062934	0.0677425	0.060505	0.062661	0.062463	0.03024	0.067767	0.068486	0.030835	0.061298	0.0605045	0.0597115	0.0671475	0.0668255	0.086184
-19	0.086655	0.061248	0.067371	0.058596	0.062091	0.0631075	0.030091	0.0687835	0.070271	0.031975	0.0621155	0.0641235	0.0590175	0.069552	0.060703	0.0843
-18	0.0834075	0.0646195	0.0683375	0.0606285	0.064991	0.061868	0.031727	0.0673705	0.068139	0.031207	0.064198	0.060926	0.05991	0.067668	0.0602075	0.084796
-17	0.0850435	0.062463	0.0696755	0.0633055	0.061546	0.063504	0.0297935	0.067098	0.069775	0.0300665	0.062909	0.060257	0.059216	0.068511	0.0614215	0.0854155
-16	0.0848455	0.0621655	0.0679405	0.057902	0.063628	0.062091	0.031752	0.0676185	0.069354	0.031281	0.062835	0.0645945	0.059513	0.0671475	0.063231	0.084102
-15	0.0846965	0.064768	0.0680895	0.0585465	0.0633055	0.062661	0.031603	0.066751	0.0661805	0.030314	0.064966	0.0627355	0.061496	0.0698245	0.0593645	0.0846965
-14	0.083928	0.0648175	0.069626	0.059067	0.064446	0.063752	0.029372	0.070023	0.069056	0.027811	0.0630825	0.0610745	0.059315	0.066751	0.0608765	0.0870015
-13	0.085192	0.0637765	0.0682875	0.059885	0.063702	0.0612235	0.029372	0.066503	0.0689325	0.0302895	0.062884	0.062091	0.058348	0.0683125	0.064842	0.0863575
-12	0.0837545	0.061868	0.068858	0.05991	0.06276	0.0629585	0.029645	0.066627	0.070692	0.031058	0.0621405	0.062735	0.0590175	0.0674695	0.062983	0.087522
-11	0.0834325	0.063876	0.0697995	0.059414	0.0614215	0.062686	0.032223	0.06918	0.069874	0.0302895	0.061645	0.0633795	0.058398	0.068189	0.061298	0.084895
-10	0.0872	0.064074	0.0672215	0.0587695	0.065809	0.063826	0.031876	0.067693	0.064049	0.0308845	0.0631325	0.0627355	0.058646	0.0680895	0.0630825	0.082912
-9	0.0863325	0.061744	0.0681635	0.058819	0.063107	0.0645695	0.029794	0.0669245	0.0689325	0.0328425	0.0609755	0.061719	0.061818	0.0677425	0.06048	0.086035
-8	0.0861095	0.061199	0.068585	0.0611245	0.0621655	0.0632065	0.028976	0.068734	0.0662055	0.029645	0.0631565	0.0610995	0.059835	0.069056	0.0655115	0.085391
-7	0.083011	0.062314	0.068486	0.0605295	0.0631815	0.0619175	0.0316775	0.0684115	0.069056	0.031132	0.06043	0.06452	0.057282	0.0687835	0.0631565	0.0861095
-6	0.0842255	0.0632315	0.0665525	0.05872	0.0618925	0.0626115	0.0306115	0.068734	0.0692045	0.029397	0.0640735	0.06452	0.0600835	0.0687585	0.062537	0.0848455
-5	0.084796	0.061521	0.067767	0.0579765	0.062587	0.06509	0.0347015	0.0667755	0.068734	0.03138	0.061372	0.0627105	0.0594145	0.0673955	0.0645695	0.083209
-4	0.0818955	0.065313	0.0708905	0.060728	0.062587	0.063157	0.0320495	0.069527	0.067569	0.03081	0.062091	0.061843	0.0578275	0.0671225	0.061843	0.0847465
-3	0.084845	0.064966	0.0650155	0.0574065	0.0627355	0.0619425	0.031504	0.068263	0.068585	0.0301655	0.0624875	0.0628595	0.0625375	0.0674945	0.063033	0.086159
-2	0.0868035	0.0627105	0.066503	0.059662	0.059439	0.0656105	0.032644	0.066924	0.0677675	0.031157	0.0622395	0.0635285	0.0595135	0.066875	0.060505	0.088117
-1	0.08549	0.061075	0.066875	0.060579	0.0600585	0.064644	0.029769	0.0672465	0.0669985	0.033041	0.0630325	0.0606285	0.061174	0.0694775	0.063578	0.0863325
0	0.0858615	0.0613225	0.066652	0.059191	0.064917	0.06224	0.0306365	0.06918	0.06918	0.0306365	0.06224	0.064917	0.059191	0.066652	0.0613225	0.0858615
1	0.0863325	0.063578	0.0694775	0.061174	0.0606285	0.0630325	0.033041	0.0669985	0.0672465	0.029769	0.064644	0.0600585	0.060579	0.066875	0.061075	0.08549
2	0.088117	0.060505	0.066875	0.0595135	0.0635285	0.0622395	0.031157	0.0677675	0.066924	0.032644	0.0656105	0.059439	0.059662	0.066503	0.0627105	0.0868035
3	0.086159	0.063033	0.0674945	0.0625375	0.0628595	0.0624875	0.0301655	0.068585	0.068263	0.031504	0.0619425	0.0627355	0.0574065	0.0650155	0.064966	0.084845
4	0.0847465	0.061843	0.0671225	0.0578275	0.061843	0.062091	0.03081	0.067569	0.069527	0.0320495	0.063157	0.062587	0.060728	0.0708905	0.065313	0.0818955
5	0.083209	0.0645695	0.0673955	0.0594145	0.0627105	0.061372	0.03138	0.068734	0.0667755	0.0347015	0.06509	0.062587	0.0579765	0.067767	0.061521	0.084796
6	0.0848455	0.062537	0.0687585	0.0600835	0.06452	0.0640735	0.029397	0.0692045	0.068734	0.0306115	0.0626115	0.0618925	0.05872	0.0665525	0.0632315	0.0842255
7	0.0861095	0.0631565	0.0687835	0.057282	0.06452	0.06043	0.031132	0.069056	0.0684115	0.0316775	0.0619175	0.0631815	0.0605295	0.068486	0.062314	0.083011
8	0.085391	0.0655115	0.069056	0.059835	0.0610995	0.0631565	0.029645	0.0662055	0.068734	0.028976	0.0632065	0.0621655	0.0611245	0.068585	0.061199	0.0861095
9	0.086035	0.06048	0.0677425	0.061818	0.061719	0.0609755	0.0328425	0.0689325	0.0669245	0.029794	0.0645695	0.063107	0.058819	0.0681635	0.061744	0.0863325
10	0.082912	0.0630825	0.0680895	0.058646	0.0627355	0.0631325	0.0308845	0.064049	0.067693	0.031876	0.063826	0.065809	0.0587695	0.0672215	0.064074	0.0872
11	0.084895	0.061298	0.068189	0.058398	0.0633795	0.061645	0.0302895	0.069874	0.06918	0.032223	0.062686	0.0614215	0.059414	0.0697995	0.063876	0.0834325
12	0.087522	0.062983	0.0674695	0.0590175	0.062735	0.0621405	0.031058	0.070692	0.066627	0.029645	0.0629585	0.06276	0.05991	0.068858	0.061868	0.0837545
13	0.0863575	0.064842	0.0683125	0.058348	0.062091	0.062884	0.0302895	0.0689325	0.066503	0.029372	0.0612235	0.063702	0.059885	0.0682875	0.0637765	0.085192
14	0.0870015	0.0608765	0.066751	0.059315	0.0610745	0.0630825	0.027811	0.069056	0.070023	0.029372	0.063752	0.064446	0.059067	0.069626	0.0648175	0.083928
15	0.0846965	0.0593645	0.0698245	0.061496	0.0627355	0.064966	0.030314	0.0661805	0.066751	0.031603	0.062661	0.0633055	0.0585465	0.0680895	0.064768	0.0846965
16	0.084102	0.063231	0.0671475	0.059513	0.0645945	0.062835	0.031281	0.069354	0.0676185	0.031752	0.062091	0.063628	0.057902	0.0679405	0.0621655	0.0848455
17	0.0854155	0.0614215	0.068511	0.059216	0.060257	0.062909	0.0300665	0.069775	0.067098	0.0297935	0.063504	0.061546	0.0633055	0.0696755	0.062463	0.0850435
18	0.084796	0.0602075	0.067668	0.05991	0.060926	0.064198	0.031207	0.068139	0.0673705	0.031727	0.061868	0.064991	0.0606285	0.0683375	0.0646195	0.0834075
19	0.0843	0.060703	0.069552	0.0590175	0.0641235	0.0621155	0.031975	0.070271	0.0687835	0.030091	0.0631075	0.062091	0.058596	0.067371	0.061248	0.086655
20	0.086184	0.0668255	0.0671475	0.0597115	0.0605045	0.061298	0.030835	0.068486	0.067767	0.03024	0.062463	0.062661	0.060505	0.0677425	0.062934	0.084697
21	0.0833085	0.0652885	0.0676185	0.059538	0.0634045	0.0633055	0.031653	0.0671475	0.069899	0.028976	0.06276	0.0642725	0.058348	0.0691555	0.062785	0.08254
22	0.0818215	0.061893	0.0691305	0.0584225	0.059885	0.064768	0.0317025	0.069899	0.068833	0.0321735	0.0622895	0.06333	0.0612735	0.068536	0.0610005	0.0850435
23	0.084027	0.0620415	0.0674445	0.058249	0.0622395	0.062314	0.031628	0.0694775	0.066726	0.0314545	0.0623635	0.0614715	0.059687	0.070271	0.0633305	0.0872745
24	0.0843745	0.062909	0.0650655	0.0580505	0.06509	0.064446	0.0295455	0.069552	0.067941	0.031752	0.062339	0.063826	0.06048	0.068858	0.0622645	0.083507
25	0.0855645	0.062884	0.068139	0.060133	0.06566	0.065685	0.0314795	0.0666765	0.0647435	0.0318755	0.061719	0.0619175	0.057307	0.0681145	0.0631075	0.084994
26	0.0865805	0.064396	0.067891	0.057555	0.061967	0.0633055	0.030959	0.0699735	0.065735	0.032545	0.06219	0.0597855	0.0606035	0.067866	0.062909	0.0857375
27	0.085217	0.06105	0.068932	0.060455	0.061794	0.064669	0.0316775	0.069254	0.067916	0.03195	0.0612485	0.063603	0.0577785	0.0669495	0.062116	0.085391
28	0.0864565	0.0629335	0.0658835	0.0572325	0.0616445	0.062463	0.0310085	0.0681885	0.068139	0.030463	0.062066	0.065214	0.0585465	0.068858	0.0632315	0.087671
29	0.0850435	0.0630085	0.067371	0.058522	0.0634795	0.0615705	0.0304135	0.068883	0.067222	0.030339	0.063628	0.062314	0.06105	0.068461	0.0625865	0.0861095
30	0.084077	0.064297	0.0682875	0.0603805	0.062884	0.0621155	0.030711	0.0668005	0.069056	0.0307355	0.065784	0.064198	0.056415	0.0678415	0.063851	0.082565
31	0.084548	0.0625125	0.0698245	0.0584225	0.0610745	0.062909	0.030686	0.0686595	0.069651	0.0308845	0.063231	0.063256	0.060182	0.0654375	0.0651645	0.0835565
32	0.086382	0.064421	0.0664285	0.0593645	0.0635535	0.0617195	0.032322	0.067222	0.069428	0.031033	0.0620415	0.0611245	0.059017	0.067693	0.06281	0.08544
33	0.0861345	0.065685	0.06628	0.0589925	0.062388	0.06395	0.032297	0.066875	0.065561	0.0300915	0.0623885	0.0624135	0.0611245	0.069502	0.0609015	0.0854155
34	0.0811275	0.0651645	0.066726	0.0599095	0.06457	0.061496	0.031405	0.0714355	0.0701715	0.0307605	0.0613225	0.0621405	0.058918	0.06685	0.062438	0.085564
35	0.0839285	0.06395	0.0695765	0.059067	0.0629835	0.0603805	0.032099	0.0675935	0.068734	0.0312065	0.0633305	0.0621405	0.057233	0.069106	0.062438	0.0862335
36	0.086407	0.0601825	0.0678415	0.0618435	0.0635285	0.0626615	0.03081	0.0663295	0.0712125	0.03195	0.0623145	0.0624875	0.057059	0.067123	0.0650155	0.0832345
37	0.084895	0.0629835	0.068263	0.061645	0.0623885	0.0612235	0.032322	0.0691055	0.0675445	0.030042	0.064099	0.060604	0.0606535	0.069329	0.061843	0.083061
38	0.085911	0.064991	0.066776	0.058819	0.0635535	0.0631325	0.0293475	0.0676435	0.067321	0.0322725	0.0606035	0.0606785	0.061868	0.0672465	0.0626615	0.0871755
39	0.086506	0.0654125	0.068486	0.056514	0.064743	0.0629585	0.0319505	0.0677425	0.070692	0.02962	0.0594385	0.0629585	0.0598605	0.0668995	0.0637515	0.0824655
40	0.0874975	0.061967	0.070692	0.0626115	0.063603	0.063529	0.0323965	0.0698245	0.06742	0.0328675	0.0633305	0.060579	0.055027	0.06742	0.058596	0.0826395
41	0.083358	0.064644	0.0670235	0.0570595	0.0659825	0.0639995	0.0278855	0.066974	0.0703205	0.0316775	0.0624875	0.060678	0.0613225	0.0691055	0.0630825	0.0843995
42	0.0856885	0.0630575	0.068486	0.0597365	0.061298	0.063454	0.030736	0.0685355	0.06747	0.0305625	0.0608515	0.0666515	0.0593645	0.0671475	0.062289	0.084672
43	0.0840025	0.061546	0.0673455	0.0580015	0.063157	0.0609755	0.031851	0.0687335	0.067048	0.0315785	0.062785	0.0625125	0.059637	0.070023	0.06571	0.0850935
44	0.083358	0.0618925	0.0669245	0.059885	0.06276	0.061942	0.0314295	0.071361	0.06742	0.0303145	0.063925	0.0615705	0.0599595	0.068486	0.063256	0.0855145
45	0.0871505	0.0647185	0.06918	0.0608515	0.0599845	0.0639995	0.030463	0.06514	0.0671475	0.029422	0.063256	0.060901	0.059364	0.068808	0.063231	0.086382
46	0.085564	0.0634295	0.067247	0.0609755	0.0620165	0.0623885	0.029224	0.066974	0.0725015	0.0318265	0.0596125	0.0649165	0.059761	0.065437	0.0624875	0.0856385
47	0.0865555	0.0615455	0.0686595	0.0584475	0.064867	0.06162	0.031405	0.0667755	0.067693	0.0312315	0.0593395	0.0626115	0.0606285	0.0683375	0.064545	0.0857375
48	0.085812	0.063603	0.0692545	0.061323	0.064049	0.065115	0.030042	0.065809	0.066156	0.0290505	0.0629335	0.064297	0.057431	0.0663295	0.0613725	0.087423
49	0.084077	0.061397	0.069279	0.059315	0.064842	0.0612235	0.030612	0.0692795	0.0698245	0.0307605	0.060257	0.063826	0.060331	0.0668255	0.0623885	0.0857625
50	0.084325	0.0630575	0.0679655	0.060951	0.061149	0.0642475	0.030463	0.066528	0.069081	0.0310575	0.0634295	0.0613475	0.05986	0.069428	0.0632065	0.0839035
51	0.0834325	0.064074	0.0685855	0.0569355	0.0621655	0.064099	0.0318015	0.0697255	0.0688085	0.0310825	0.062066	0.0642725	0.0578275	0.067296	0.0625125	0.0853165
52	0.0845235	0.061992	0.0660815	0.05991	0.0634795	0.065016	0.0317765	0.0682875	0.065859	0.0297935	0.0656355	0.061744	0.0610995	0.0662055	0.063504	0.085093
53	0.0850685	0.063752	0.0684615	0.0593645	0.0606535	0.063405	0.0327435	0.066776	0.0687585	0.033363	0.059191	0.0611495	0.058695	0.070023	0.0637765	0.0848205
54	0.083482	0.064074	0.0675195	0.058497	0.0653875	0.064049	0.0295955	0.067842	0.0691055	0.030909	0.0626615	0.0625865	0.058125	0.0689075	0.062711	0.0845475
55	0.085465	0.0619175	0.067792	0.05934	0.0650655	0.0627605	0.0324705	0.069453	0.0663295	0.0303145	0.06571	0.0638015	0.059538	0.065933	0.060232	0.083879
56	0.0850185	0.067172	0.069428	0.058968	0.0621155	0.0610005	0.031628	0.068486	0.0678415	0.0301655	0.0633305	0.062116	0.058026	0.0693785	0.0614215	0.0839035
57	0.0847465	0.064	0.069527	0.056762	0.0635535	0.0630825	0.0307855	0.067544	0.072105	0.0312065	0.059637	0.0628345	0.0591665	0.069056	0.062289	0.0837055
58	0.083854	0.0656355	0.0685355	0.0579765	0.0648915	0.065016	0.0306115	0.065462	0.067941	0.032	0.063603	0.0639995	0.059885	0.066032	0.0601575	0.084399
59	0.088291	0.0615455	0.0697995	0.0575795	0.0620165	0.064917	0.032297	0.0699485	0.0689075	0.030463	0.06167	0.0604305	0.0583485	0.068635	0.0630575	0.082094
60	0.085688	0.0621655	0.068957	0.058745	0.0637765	0.0662055	0.0305125	0.0673955	0.0686595	0.029546	0.0640245	0.0641485	0.057902	0.067792	0.061992	0.0824905
61	0.082441	0.0660075	0.068957	0.057877	0.062909	0.0620415	0.033115	0.067569	0.0675195	0.0305375	0.065462	0.061496	0.061496	0.0676435	0.061645	0.083284
62	0.0833085	0.0654125	0.066949	0.059414	0.0631815	0.0616945	0.031405	0.0682135	0.06628	0.0320495	0.063603	0.0645695	0.061868	0.067668	0.058695	0.085688
63	0.08373	0.0637765	0.0679655	0.058819	0.0616945	0.064669	0.0295955	0.067941	0.0673955	0.0313305	0.06338	0.0610005	0.0607775	0.068238	0.0641235	0.085564
64	0.084275	0.0633795	0.066528	0.061744	0.0621655	0.0649415	0.032818	0.0678415	0.068709	0.029967	0.0661065	0.061273	0.0587695	0.0656605	0.0612235	0.0845975
65	0.085118	0.0612235	0.0691305	0.058175	0.0645945	0.0636525	0.0327185	0.0677175	0.0672465	0.0300665	0.063281	0.063157	0.0592405	0.068833	0.061595	0.0842505
66	0.0846965	0.0641735	0.067891	0.0570845	0.0610995	0.06219	0.0294965	0.069775	0.0695765	0.0321985	0.061694	0.0639995	0.060083	0.069205	0.062835	0.0840025
67	0.084548	0.062661	0.0675195	0.060926	0.062438	0.0626365	0.0317025	0.067222	0.0673955	0.029744	0.0626615	0.063975	0.0618185	0.0676185	0.0648175	0.082317
68	0.0867535	0.060257	0.0676685	0.062017	0.0627105	0.0625125	0.0317765	0.0671225	0.0677175	0.0321735	0.062686	0.063454	0.0579515	0.0694035	0.0618675	0.083928
69	0.0853905	0.064793	0.0706425	0.059092	0.0604055	0.063231	0.0301905	0.067693	0.067197	0.03138	0.062165	0.0631075	0.059265	0.06856	0.062537	0.0843495
70	0.08487	0.0628345	0.067792	0.0566625	0.064768	0.0627355	0.0305125	0.070023	0.0690315	0.0296945	0.063454	0.061992	0.06105	0.0667015	0.0626365	0.085242
71	0.086878	0.062438	0.0692045	0.059389	0.062537	0.0641485	0.030116	0.067767	0.067792	0.0310825	0.0620665	0.063107	0.0584225	0.0669245	0.0624135	0.0857125
72	0.0872495	0.0610005	0.0684365	0.0559935	0.06162	0.0622895	0.0312315	0.067767	0.068114	0.030835	0.063826	0.0637765	0.059464	0.0679905	0.064917	0.08549
73	0.0848205	0.0616445	0.069254	0.060678	0.0620415	0.0613475	0.030215	0.0673955	0.0686595	0.031504	0.063033	0.0656105	0.057778	0.067321	0.0628845	0.085812
