pos	AA	AC	AG	AT	CA	CC	CG	CT	GA	GC	GG	GT	TA	TC	TG	TT
-73	0.076429	0.0583335	0.066429	0.0580955	0.0564285	0.070238	0.035476	0.0692855	0.072619	0.040952	0.069286	0.060714	0.053095	0.065	0.062381	0.085
-72	0.0795235	0.0538095	0.068095	0.0564285	0.0569045	0.074762	0.04	0.0688095	0.0697615	0.037857	0.070238	0.0559525	0.0557145	0.0690475	0.0619045	0.0809525
-71	0.0802385	0.0621425	0.0666665	0.057619	0.0590475	0.069048	0.0385715	0.0626195	0.0716665	0.0392855	0.072143	0.0585715	0.058333	0.0714285	0.0590475	0.073333
-70	0.0890475	0.062381	0.070238	0.0490475	0.0616665	0.0697615	0.0421425	0.0680955	0.059762	0.0359525	0.076905	0.06381	0.0485715	0.0666665	0.0609525	0.075
-69	0.0892855	0.06	0.065714	0.0485715	0.064524	0.0735715	0.0411905	0.062619	0.0685715	0.0369045	0.067381	0.0659525	0.0509525	0.0638095	0.065	0.075952
-68	0.0869045	0.056667	0.0657145	0.059048	0.062619	0.069524	0.035952	0.064762	0.0642855	0.0345235	0.0759525	0.054524	0.0592855	0.067143	0.06	0.083095
-67	0.083095	0.0554765	0.069524	0.058095	0.0580955	0.0697615	0.035238	0.0633335	0.07	0.037619	0.0709525	0.069286	0.0538095	0.0719045	0.0554765	0.0783335
-66	0.0795235	0.0557145	0.0657145	0.0559525	0.059048	0.0745235	0.040714	0.0614285	0.069762	0.037619	0.0804765	0.060476	0.0540475	0.067381	0.060476	0.077143
-65	0.0790475	0.064762	0.070238	0.050476	0.0616665	0.065238	0.034048	0.067857	0.069762	0.0438095	0.0771425	0.0609525	0.051905	0.065714	0.0609525	0.0764285
-64	0.0814285	0.057857	0.0716665	0.0588095	0.0680955	0.0685715	0.044286	0.0659525	0.0616665	0.038333	0.0711905	0.0588095	0.0533335	0.0607145	0.0583335	0.0809525
-63	0.0761905	0.060952	0.070238	0.0514285	0.0552385	0.0685715	0.0407145	0.0695235	0.0721425	0.04	0.0685715	0.059762	0.0571425	0.0707145	0.0628575	0.0759525
-62	0.082619	0.0559525	0.0664285	0.0533335	0.06	0.0683335	0.040238	0.064524	0.0714285	0.0366665	0.070952	0.0630955	0.049762	0.069524	0.065	0.082143
-61	0.087619	0.0561905	0.062857	0.0542855	0.054762	0.0714285	0.0383335	0.0661905	0.065476	0.039524	0.0709525	0.068095	0.052143	0.069286	0.060238	0.082619
-60	0.0757145	0.056905	0.072857	0.053333	0.065	0.0723805	0.0366665	0.0714285	0.064286	0.0411905	0.072619	0.0545235	0.052143	0.0740475	0.0590475	0.077857
-59	0.0780955	0.0590475	0.0654765	0.0580955	0.0588095	0.0754765	0.041905	0.0654765	0.0633335	0.039048	0.0711905	0.055952	0.057143	0.074762	0.0564285	0.079762
-58	0.0790475	0.0592855	0.0664285	0.056905	0.060952	0.0714285	0.035	0.0714285	0.064762	0.040476	0.0685715	0.062381	0.052857	0.067619	0.0640475	0.0788095
-57	0.0761905	0.065238	0.067857	0.054286	0.06	0.0680955	0.0383335	0.0657145	0.072381	0.039524	0.067619	0.0611905	0.055476	0.0611905	0.0614285	0.085476
-56	0.071905	0.057619	0.065238	0.0633335	0.059286	0.0695235	0.0466665	0.0635715	0.070714	0.0383335	0.0683335	0.0635715	0.0519045	0.0666665	0.0604765	0.082857
-55	0.075952	0.062619	0.0666665	0.0485715	0.06	0.0666665	0.0385715	0.066905	0.067857	0.0409525	0.072381	0.0635715	0.052143	0.0666665	0.0635715	0.086905
-54	0.076429	0.054762	0.064524	0.050476	0.0566665	0.073333	0.040952	0.0707145	0.0659525	0.039762	0.0714285	0.0647615	0.0530955	0.0635715	0.0661905	0.087381
-53	0.0721425	0.052381	0.065	0.0485715	0.057381	0.0761905	0.0440475	0.0652385	0.062619	0.0390475	0.077143	0.0614285	0.0559525	0.0745235	0.064524	0.0838095
-52	0.0761905	0.0592855	0.067619	0.0569045	0.053571	0.07119	0.0378575	0.067381	0.070476	0.042381	0.069762	0.0661905	0.050238	0.069524	0.060238	0.0811905
-51	0.077857	0.0585715	0.065714	0.052143	0.0573805	0.075238	0.037381	0.064524	0.067619	0.037381	0.0707145	0.0652385	0.054762	0.068571	0.062381	0.084524
-50	0.0785715	0.0635715	0.067143	0.0559525	0.0564285	0.069048	0.045	0.070476	0.0611905	0.0388095	0.072381	0.0611905	0.052143	0.0619045	0.059048	0.087143
-49	0.073571	0.0585715	0.068095	0.0511905	0.062381	0.0735715	0.037857	0.065476	0.069286	0.0416665	0.072857	0.0571425	0.0585715	0.0683335	0.057143	0.0842855
-48	0.0735715	0.0569045	0.06881	0.057143	0.057143	0.077143	0.0409525	0.070238	0.067857	0.0388095	0.0683335	0.06	0.0516665	0.0716665	0.061905	0.077857
-47	0.081905	0.053571	0.062857	0.0504765	0.053095	0.0778575	0.0366665	0.072857	0.0728575	0.035476	0.067857	0.0661905	0.052143	0.069048	0.0616665	0.085476
-46	0.077381	0.063095	0.0683335	0.0542855	0.0569045	0.0642855	0.043095	0.068333	0.0561905	0.0388095	0.067381	0.063333	0.0492855	0.0719045	0.0721425	0.085238
-45	0.069286	0.055238	0.065238	0.0511905	0.0642855	0.075238	0.0390475	0.067857	0.066905	0.0476195	0.0654765	0.0638095	0.057381	0.067143	0.062381	0.0819045
-44	0.071667	0.06	0.0661905	0.050714	0.0595235	0.0809525	0.0440475	0.074524	0.065476	0.0364285	0.071667	0.055	0.052857	0.068333	0.056667	0.0859525
-43	0.075476	0.0569045	0.062143	0.052857	0.0659525	0.076667	0.0409525	0.0661905	0.0585715	0.041429	0.0683335	0.067381	0.0445235	0.0783335	0.060476	0.0838095
-42	0.073571	0.059286	0.0683335	0.052381	0.07	0.0769045	0.039286	0.0609525	0.0640475	0.04	0.0664285	0.060952	0.052381	0.075	0.056905	0.083571
-41	0.072619	0.0645235	0.065	0.0590475	0.063571	0.07	0.0416665	0.0683335	0.0642855	0.035238	0.0759525	0.0571425	0.056667	0.0730955	0.054762	0.078095
-40	0.074762	0.057381	0.072143	0.054762	0.057143	0.072857	0.0319045	0.0683335	0.067381	0.0404765	0.0733335	0.062857	0.050238	0.0692855	0.0633335	0.0838095
-39	0.077857	0.055238	0.0642855	0.052143	0.06	0.07	0.033333	0.070952	0.064762	0.0388095	0.0819045	0.061667	0.051905	0.0707145	0.0616665	0.0847615
-38	0.079286	0.057381	0.0661905	0.0516665	0.0535715	0.0740475	0.0383335	0.075	0.07	0.0361905	0.076429	0.055	0.052619	0.070714	0.062143	0.0814285
-37	0.0759525	0.060476	0.072381	0.058333	0.0614285	0.0804765	0.0407145	0.0633335	0.066905	0.0392855	0.0661905	0.0595235	0.0492855	0.0619045	0.0638095	0.08
-36	0.069762	0.0585715	0.063333	0.054762	0.066667	0.0754765	0.040952	0.0645235	0.074524	0.044762	0.072381	0.0564285	0.0540475	0.065	0.0561905	0.082619
-35	0.0761905	0.0564285	0.0735715	0.0509525	0.0590475	0.0745235	0.0383335	0.0685715	0.065	0.032857	0.075714	0.06	0.0492855	0.073095	0.059762	0.0866665
-34	0.0788095	0.055714	0.0640475	0.049048	0.0611905	0.071905	0.0345235	0.070238	0.0635715	0.042619	0.072381	0.064524	0.0561905	0.065476	0.058095	0.091667
-33	0.0797615	0.0623805	0.0702385	0.055238	0.0538095	0.069762	0.0385715	0.073095	0.0659525	0.037857	0.0730955	0.055238	0.0521425	0.074286	0.0590475	0.0795235
-32	0.0835715	0.0588095	0.0638095	0.054762	0.06	0.0754765	0.037857	0.067381	0.0780955	0.037857	0.074524	0.0561905	0.055476	0.062143	0.059286	0.074762
-31	0.085	0.0683335	0.0638095	0.05	0.0659525	0.066667	0.0392855	0.062619	0.0628575	0.037619	0.080714	0.0611905	0.0461905	0.067381	0.059524	0.082857
-30	0.0754765	0.0633335	0.070714	0.045714	0.0585715	0.075238	0.037857	0.0714285	0.0661905	0.0378575	0.074524	0.057857	0.0611905	0.066905	0.0592855	0.077857
-29	0.0847615	0.057143	0.063333	0.0533335	0.062381	0.0792855	0.037143	0.0633335	0.0642855	0.0419045	0.0680955	0.0611905	0.055714	0.067381	0.062619	0.0780955
-28	0.082143	0.0609525	0.07	0.052857	0.0604765	0.071905	0.0330955	0.0730955	0.0633335	0.037619	0.074286	0.0614285	0.0519045	0.0659525	0.0561905	0.084762
-27	0.0811905	0.067619	0.0688095	0.0485715	0.0542855	0.07	0.0359525	0.0735715	0.0680955	0.037381	0.0738095	0.054286	0.0511905	0.0661905	0.065714	0.083333
-26	0.086667	0.0580955	0.0645235	0.0476195	0.0638095	0.067619	0.0366665	0.0745235	0.070952	0.037381	0.0764285	0.0669045	0.0492855	0.0666665	0.0533335	0.079524
-25	0.087381	0.0614285	0.0702385	0.0557145	0.059286	0.073095	0.040238	0.0611905	0.06	0.037143	0.0790475	0.060238	0.0461905	0.0704765	0.062381	0.0759525
-24	0.083095	0.0590475	0.0659525	0.052857	0.0638095	0.075238	0.0445235	0.0635715	0.063095	0.039048	0.0783335	0.0540475	0.052381	0.0666665	0.059762	0.0785715
-23	0.072381	0.0578575	0.067143	0.05619	0.0592855	0.072143	0.0364285	0.0683335	0.072143	0.042857	0.072381	0.065	0.049524	0.0730955	0.0583335	0.076905
-22	0.072381	0.055238	0.058095	0.054762	0.059762	0.0683335	0.046905	0.0685715	0.0669045	0.037619	0.080476	0.0609525	0.055238	0.0685715	0.062619	0.0835715
-21	0.0814285	0.0588095	0.07	0.0509525	0.0478575	0.0771425	0.040952	0.067619	0.0688095	0.038333	0.0764285	0.0580955	0.051905	0.065238	0.057381	0.0890475
-20	0.073095	0.070238	0.060952	0.050476	0.063333	0.072143	0.042857	0.065952	0.069762	0.039762	0.074524	0.059762	0.051429	0.0692855	0.0585715	0.077857
-19	0.0759525	0.059762	0.070238	0.044524	0.0633335	0.0802385	0.044286	0.0690475	0.0645235	0.042381	0.0721425	0.0588095	0.05	0.068333	0.0590475	0.077381
-18	0.0783335	0.0545235	0.065238	0.049286	0.0554765	0.084524	0.040714	0.063333	0.0642855	0.0407145	0.0769045	0.062857	0.051905	0.0735715	0.057857	0.0804765
-17	0.0766665	0.060238	0.0590475	0.0561905	0.06	0.0785715	0.040476	0.0664285	0.0692855	0.0361905	0.080476	0.059048	0.047619	0.0635715	0.0638095	0.082381
-16	0.078571	0.062143	0.066667	0.0514285	0.0645235	0.0714285	0.038095	0.065	0.067381	0.0440475	0.07	0.062857	0.0538095	0.0638095	0.062381	0.077857
-15	0.0797615	0.060952	0.0664285	0.0588095	0.0542855	0.079762	0.043095	0.0714285	0.0664285	0.0388095	0.0711905	0.0583335	0.0490475	0.0666665	0.0542855	0.0807145
-14	0.0769045	0.0540475	0.0709525	0.048333	0.063095	0.078333	0.0388095	0.0642855	0.0654765	0.0414285	0.0761905	0.0564285	0.0507145	0.0714285	0.0638095	0.079762
-13	0.0790475	0.059524	0.066429	0.0538095	0.060476	0.0702385	0.042381	0.062857	0.062381	0.0464285	0.0785715	0.0611905	0.045	0.0685715	0.060238	0.082857
-12	0.0742855	0.0533335	0.063333	0.049762	0.0604765	0.079286	0.035952	0.064762	0.068095	0.0440475	0.079048	0.064762	0.053095	0.067143	0.0640475	0.0785715
-11	0.0711905	0.057381	0.069762	0.0504765	0.055238	0.0778575	0.0438095	0.0697615	0.071905	0.0359525	0.077143	0.059762	0.050238	0.064524	0.0616665	0.0833335
-10	0.0766665	0.0609525	0.064524	0.0538095	0.0630955	0.077143	0.035238	0.0685715	0.063333	0.042619	0.0738095	0.060476	0.0542855	0.0638095	0.0609525	0.080714
-9	0.083095	0.057143	0.069762	0.051905	0.0561905	0.075	0.042857	0.0711905	0.0623805	0.0414285	0.071667	0.0530955	0.0535715	0.0678575	0.057857	0.085
-8	0.072381	0.0564285	0.070476	0.0535715	0.06	0.0726195	0.0380955	0.0614285	0.065	0.039762	0.079286	0.068333	0.0557145	0.0661905	0.0580955	0.082619
-7	0.0771425	0.057619	0.0735715	0.053333	0.0592855	0.0685715	0.038333	0.068095	0.0659525	0.040238	0.0788095	0.06	0.054286	0.0638095	0.062143	0.0788095
-6	0.0788095	0.062619	0.060714	0.0542855	0.064286	0.0714285	0.0392855	0.0609525	0.074762	0.040238	0.0771425	0.054762	0.055238	0.0692855	0.0535715	0.082619
-5	0.0771425	0.0607145	0.062857	0.0540475	0.062619	0.072619	0.040952	0.066429	0.064286	0.0407145	0.0764285	0.0630955	0.052619	0.067619	0.062619	0.075238
-4	0.082381	0.0633335	0.0695235	0.052381	0.0607145	0.072857	0.0430955	0.065	0.0611905	0.035238	0.0707145	0.064286	0.05	0.0647615	0.0635715	0.0809525
-3	0.084048	0.06	0.0688095	0.052857	0.0561905	0.071667	0.042619	0.067619	0.0711905	0.0395235	0.0630955	0.064048	0.049762	0.0742855	0.0611905	0.073095
-2	0.0761905	0.057619	0.0738095	0.054286	0.0640475	0.075238	0.0335715	0.0716665	0.0704765	0.037143	0.077381	0.054286	0.05	0.0697615	0.0571425	0.077381
-1	0.0828575	0.067619	0.0633335	0.056667	0.058095	0.071905	0.037619	0.065	0.0692855	0.0380955	0.074762	0.060952	0.0561905	0.067381	0.057619	0.072619
0	0.076429	0.0592855	0.065714	0.0559525	0.0638095	0.075	0.0361905	0.0676195	0.0676195	0.0361905	0.075	0.0638095	0.0559525	0.065714	0.0592855	0.076429
1	0.072619	0.057619	0.067381	0.0561905	0.060952	0.074762	0.0380955	0.0692855	0.065	0.037619	0.071905	0.058095	0.056667	0.0633335	0.067619	0.0828575
2	0.077381	0.0571425	0.0697615	0.05	0.054286	0.077381	0.037143	0.0704765	0.0716665	0.0335715	0.075238	0.0640475	0.054286	0.0738095	0.057619	0.0761905
3	0.073095	0.0611905	0.0742855	0.049762	0.064048	0.0630955	0.0395235	0.0711905	0.067619	0.042619	0.071667	0.0561905	0.052857	0.0688095	0.06	0.084048
4	0.0809525	0.0635715	0.0647615	0.05	0.064286	0.0707145	0.035238	0.0611905	0.065	0.0430955	0.072857	0.0607145	0.052381	0.0695235	0.0633335	0.082381
5	0.075238	0.062619	0.067619	0.052619	0.0630955	0.0764285	0.0407145	0.064286	0.066429	0.040952	0.072619	0.062619	0.0540475	0.062857	0.0607145	0.0771425
6	0.082619	0.0535715	0.0692855	0.055238	0.054762	0.0771425	0.040238	0.074762	0.0609525	0.0392855	0.0714285	0.064286	0.0542855	0.060714	0.062619	0.0788095
7	0.0788095	0.062143	0.0638095	0.054286	0.06	0.0788095	0.040238	0.0659525	0.068095	0.038333	0.0685715	0.0592855	0.053333	0.0735715	0.057619	0.0771425
8	0.082619	0.0580955	0.0661905	0.0557145	0.068333	0.079286	0.039762	0.065	0.0614285	0.0380955	0.0726195	0.06	0.0535715	0.070476	0.0564285	0.072381
9	0.085	0.057857	0.0678575	0.0535715	0.0530955	0.071667	0.0414285	0.0623805	0.0711905	0.042857	0.075	0.0561905	0.051905	0.069762	0.057143	0.083095
10	0.080714	0.0609525	0.0638095	0.0542855	0.060476	0.0738095	0.042619	0.063333	0.0685715	0.035238	0.077143	0.0630955	0.0538095	0.064524	0.0609525	0.0766665
11	0.0833335	0.0616665	0.064524	0.050238	0.059762	0.077143	0.0359525	0.071905	0.0697615	0.0438095	0.0778575	0.055238	0.0504765	0.069762	0.057381	0.0711905
12	0.0785715	0.0640475	0.067143	0.053095	0.064762	0.079048	0.0440475	0.068095	0.064762	0.035952	0.079286	0.0604765	0.049762	0.063333	0.0533335	0.0742855
13	0.082857	0.060238	0.0685715	0.045	0.0611905	0.0785715	0.0464285	0.062381	0.062857	0.042381	0.0702385	0.060476	0.0538095	0.066429	0.059524	0.0790475
14	0.079762	0.0638095	0.0714285	0.0507145	0.0564285	0.0761905	0.0414285	0.0654765	0.0642855	0.0388095	0.078333	0.063095	0.048333	0.0709525	0.0540475	0.0769045
15	0.0807145	0.0542855	0.0666665	0.0490475	0.0583335	0.0711905	0.0388095	0.0664285	0.0714285	0.043095	0.079762	0.0542855	0.0588095	0.0664285	0.060952	0.0797615
16	0.077857	0.062381	0.0638095	0.0538095	0.062857	0.07	0.0440475	0.067381	0.065	0.038095	0.0714285	0.0645235	0.0514285	0.066667	0.062143	0.078571
17	0.082381	0.0638095	0.0635715	0.047619	0.059048	0.080476	0.0361905	0.0692855	0.0664285	0.040476	0.0785715	0.06	0.0561905	0.0590475	0.060238	0.0766665
18	0.0804765	0.057857	0.0735715	0.051905	0.062857	0.0769045	0.0407145	0.0642855	0.063333	0.040714	0.084524	0.0554765	0.049286	0.065238	0.0545235	0.0783335
19	0.077381	0.0590475	0.068333	0.05	0.0588095	0.0721425	0.042381	0.0645235	0.0690475	0.044286	0.0802385	0.0633335	0.044524	0.070238	0.059762	0.0759525
20	0.077857	0.0585715	0.0692855	0.051429	0.059762	0.074524	0.039762	0.069762	0.065952	0.042857	0.072143	0.063333	0.050476	0.060952	0.070238	0.073095
21	0.0890475	0.057381	0.065238	0.051905	0.0580955	0.0764285	0.038333	0.0688095	0.067619	0.040952	0.0771425	0.0478575	0.0509525	0.07	0.0588095	0.0814285
22	0.0835715	0.062619	0.0685715	0.055238	0.0609525	0.080476	0.037619	0.0669045	0.0685715	0.046905	0.0683335	0.059762	0.054762	0.058095	0.055238	0.072381
23	0.076905	0.0583335	0.0730955	0.049524	0.065	0.072381	0.042857	0.072143	0.0683335	0.0364285	0.072143	0.0592855	0.05619	0.067143	0.0578575	0.072381
24	0.0785715	0.059762	0.0666665	0.052381	0.0540475	0.0783335	0.039048	0.063095	0.0635715	0.0445235	0.075238	0.0638095	0.052857	0.0659525	0.0590475	0.083095
25	0.0759525	0.062381	0.0704765	0.0461905	0.060238	0.0790475	0.037143	0.06	0.0611905	0.040238	0.073095	0.059286	0.0557145	0.0702385	0.0614285	0.087381
26	0.079524	0.0533335	0.0666665	0.0492855	0.0669045	0.0764285	0.037381	0.070952	0.0745235	0.0366665	0.067619	0.0638095	0.0476195	0.0645235	0.0580955	0.086667
27	0.083333	0.065714	0.0661905	0.0511905	0.054286	0.0738095	0.037381	0.0680955	0.0735715	0.0359525	0.07	0.0542855	0.0485715	0.0688095	0.067619	0.0811905
28	0.084762	0.0561905	0.0659525	0.0519045	0.0614285	0.074286	0.037619	0.0633335	0.0730955	0.0330955	0.071905	0.0604765	0.052857	0.07	0.0609525	0.082143
29	0.0780955	0.062619	0.067381	0.055714	0.0611905	0.0680955	0.0419045	0.0642855	0.0633335	0.037143	0.0792855	0.062381	0.0533335	0.063333	0.057143	0.0847615
30	0.077857	0.0592855	0.066905	0.0611905	0.057857	0.074524	0.0378575	0.0661905	0.0714285	0.037857	0.075238	0.0585715	0.045714	0.070714	0.0633335	0.0754765
31	0.082857	0.059524	0.067381	0.0461905	0.0611905	0.080714	0.037619	0.0628575	0.062619	0.0392855	0.066667	0.0659525	0.05	0.0638095	0.0683335	0.085
32	0.074762	0.059286	0.062143	0.055476	0.0561905	0.074524	0.037857	0.0780955	0.067381	0.037857	0.0754765	0.06	0.054762	0.0638095	0.0588095	0.0835715
33	0.0795235	0.0590475	0.074286	0.0521425	0.055238	0.0730955	0.037857	0.0659525	0.073095	0.0385715	0.069762	0.0538095	0.055238	0.0702385	0.0623805	0.0797615
34	0.091667	0.058095	0.065476	0.0561905	0.064524	0.072381	0.042619	0.0635715	0.070238	0.0345235	0.071905	0.0611905	0.049048	0.0640475	0.055714	0.0788095
35	0.0866665	0.059762	0.073095	0.0492855	0.06	0.075714	0.032857	0.065	0.0685715	0.0383335	0.0745235	0.0590475	0.0509525	0.0735715	0.0564285	0.0761905
36	0.082619	0.0561905	0.065	0.0540475	0.0564285	0.072381	0.044762	0.074524	0.0645235	0.040952	0.0754765	0.066667	0.054762	0.063333	0.0585715	0.069762
37	0.08	0.0638095	0.0619045	0.0492855	0.0595235	0.0661905	0.0392855	0.066905	0.0633335	0.0407145	0.0804765	0.0614285	0.058333	0.072381	0.060476	0.0759525
38	0.0814285	0.062143	0.070714	0.052619	0.055	0.076429	0.0361905	0.07	0.075	0.0383335	0.0740475	0.0535715	0.0516665	0.0661905	0.057381	0.079286
39	0.0847615	0.0616665	0.0707145	0.051905	0.061667	0.0819045	0.0388095	0.064762	0.070952	0.033333	0.07	0.06	0.052143	0.0642855	0.055238	0.077857
40	0.0838095	0.0633335	0.0692855	0.050238	0.062857	0.0733335	0.0404765	0.067381	0.0683335	0.0319045	0.072857	0.057143	0.054762	0.072143	0.057381	0.074762
41	0.078095	0.054762	0.0730955	0.056667	0.0571425	0.0759525	0.035238	0.0642855	0.0683335	0.0416665	0.07	0.063571	0.0590475	0.065	0.0645235	0.072619
42	0.083571	0.056905	0.075	0.052381	0.060952	0.0664285	0.04	0.0640475	0.0609525	0.039286	0.0769045	0.07	0.052381	0.0683335	0.059286	0.073571
43	0.0838095	0.060476	0.0783335	0.0445235	0.067381	0.0683335	0.041429	0.0585715	0.0661905	0.0409525	0.076667	0.0659525	0.052857	0.062143	0.0569045	0.075476
44	0.0859525	0.056667	0.068333	0.052857	0.055	0.071667	0.0364285	0.065476	0.074524	0.0440475	0.0809525	0.0595235	0.050714	0.0661905	0.06	0.071667
45	0.0819045	0.062381	0.067143	0.057381	0.0638095	0.0654765	0.0476195	0.066905	0.067857	0.0390475	0.075238	0.0642855	0.0511905	0.065238	0.055238	0.069286
46	0.085238	0.0721425	0.0719045	0.0492855	0.063333	0.067381	0.0388095	0.0561905	0.068333	0.043095	0.0642855	0.0569045	0.0542855	0.0683335	0.063095	0.077381
47	0.085476	0.0616665	0.069048	0.052143	0.0661905	0.067857	0.035476	0.0728575	0.072857	0.0366665	0.0778575	0.053095	0.0504765	0.062857	0.053571	0.081905
48	0.077857	0.061905	0.0716665	0.0516665	0.06	0.0683335	0.0388095	0.067857	0.070238	0.0409525	0.077143	0.057143	0.057143	0.06881	0.0569045	0.0735715
49	0.0842855	0.057143	0.0683335	0.0585715	0.0571425	0.072857	0.0416665	0.069286	0.065476	0.037857	0.0735715	0.062381	0.0511905	0.068095	0.0585715	0.073571
50	0.087143	0.059048	0.0619045	0.052143	0.0611905	0.072381	0.0388095	0.0611905	0.070476	0.045	0.069048	0.0564285	0.0559525	0.067143	0.0635715	0.0785715
51	0.084524	0.062381	0.068571	0.054762	0.0652385	0.0707145	0.037381	0.067619	0.064524	0.037381	0.075238	0.0573805	0.052143	0.065714	0.0585715	0.077857
52	0.0811905	0.060238	0.069524	0.050238	0.0661905	0.069762	0.042381	0.070476	0.067381	0.0378575	0.07119	0.053571	0.0569045	0.067619	0.0592855	0.0761905
53	0.0838095	0.064524	0.0745235	0.0559525	0.0614285	0.077143	0.0390475	0.062619	0.0652385	0.0440475	0.0761905	0.057381	0.0485715	0.065	0.052381	0.0721425
54	0.087381	0.0661905	0.0635715	0.0530955	0.0647615	0.0714285	0.039762	0.0659525	0.0707145	0.040952	0.073333	0.0566665	0.050476	0.064524	0.054762	0.076429
55	0.086905	0.0635715	0.0666665	0.052143	0.0635715	0.072381	0.0409525	0.067857	0.066905	0.0385715	0.0666665	0.06	0.0485715	0.0666665	0.062619	0.075952
56	0.082857	0.0604765	0.0666665	0.0519045	0.0635715	0.0683335	0.0383335	0.070714	0.0635715	0.0466665	0.0695235	0.059286	0.0633335	0.065238	0.057619	0.071905
57	0.085476	0.0614285	0.0611905	0.055476	0.0611905	0.067619	0.039524	0.072381	0.0657145	0.0383335	0.0680955	0.06	0.054286	0.067857	0.065238	0.0761905
58	0.0788095	0.0640475	0.067619	0.052857	0.062381	0.0685715	0.040476	0.064762	0.0714285	0.035	0.0714285	0.060952	0.056905	0.0664285	0.0592855	0.0790475
59	0.079762	0.0564285	0.074762	0.057143	0.055952	0.0711905	0.039048	0.0633335	0.0654765	0.041905	0.0754765	0.0588095	0.0580955	0.0654765	0.0590475	0.0780955
60	0.077857	0.0590475	0.0740475	0.052143	0.0545235	0.072619	0.0411905	0.064286	0.0714285	0.0366665	0.0723805	0.065	0.053333	0.072857	0.056905	0.0757145
61	0.082619	0.060238	0.069286	0.052143	0.068095	0.0709525	0.039524	0.065476	0.0661905	0.0383335	0.0714285	0.054762	0.0542855	0.062857	0.0561905	0.087619
62	0.082143	0.065	0.069524	0.049762	0.0630955	0.070952	0.0366665	0.0714285	0.064524	0.040238	0.0683335	0.06	0.0533335	0.0664285	0.0559525	0.082619
63	0.0759525	0.0628575	0.0707145	0.0571425	0.059762	0.0685715	0.04	0.0721425	0.0695235	0.0407145	0.0685715	0.0552385	0.0514285	0.070238	0.060952	0.0761905
64	0.0809525	0.0583335	0.0607145	0.0533335	0.0588095	0.0711905	0.038333	0.0616665	0.0659525	0.044286	0.0685715	0.0680955	0.0588095	0.0716665	0.057857	0.0814285
65	0.0764285	0.0609525	0.065714	0.051905	0.0609525	0.0771425	0.0438095	0.069762	0.067857	0.034048	0.065238	0.0616665	0.050476	0.070238	0.064762	0.0790475
66	0.077143	0.060476	0.067381	0.0540475	0.060476	0.0804765	0.037619	0.069762	0.0614285	0.040714	0.0745235	0.059048	0.0559525	0.0657145	0.0557145	0.0795235
67	0.0783335	0.0554765	0.0719045	0.0538095	0.069286	0.0709525	0.037619	0.07	0.0633335	0.035238	0.0697615	0.0580955	0.058095	0.069524	0.0554765	0.083095
68	0.083095	0.06	0.067143	0.0592855	0.054524	0.0759525	0.0345235	0.0642855	0.064762	0.035952	0.069524	0.062619	0.059048	0.0657145	0.056667	0.0869045
69	0.075952	0.065	0.0638095	0.0509525	0.0659525	0.067381	0.0369045	0.0685715	0.062619	0.0411905	0.0735715	0.064524	0.0485715	0.065714	0.06	0.0892855
70	0.075	0.0609525	0.0666665	0.0485715	0.06381	0.076905	0.0359525	0.059762	0.0680955	0.0421425	0.0697615	0.0616665	0.0490475	0.070238	0.062381	0.0890475
71	0.073333	0.0590475	0.0714285	0.058333	0.0585715	0.072143	0.0392855	0.0716665	0.0626195	0.0385715	0.069048	0.0590475	0.057619	0.0666665	0.0621425	0.0802385
72	0.0809525	0.0619045	0.0690475	0.0557145	0.0559525	0.070238	0.037857	0.0697615	0.0688095	0.04	0.074762	0.0569045	0.0564285	0.068095	0.0538095	0.0795235
73	0.085	0.062381	0.065	0.053095	0.060714	0.069286	0.040952	0.072619	0.0692855	0.035476	0.070238	0.0564285	0.0580955	0.066429	0.0583335	0.076429
