pos	AA	AC	AG	AT	CA	CC	CG	CT	GA	GC	GG	GT	TA	TC	TG	TT
-73	0.0893885	0.061236	0.065003	0.0603195	0.0594025	0.0634915	0.030457	0.067456	0.069464	0.0323655	0.0640365	0.0631695	0.0588325	0.0673325	0.062252	0.085795
-72	0.0866625	0.0604185	0.067382	0.059278	0.0589565	0.0629215	0.034323	0.0674565	0.0662665	0.032712	0.0650525	0.06421	0.059749	0.0653995	0.062004	0.0872075
-71	0.087158	0.0613105	0.0662915	0.058089	0.0590305	0.0634665	0.032737	0.0665395	0.0668865	0.032167	0.065821	0.0630945	0.059353	0.0673325	0.0628965	0.0878275
-70	0.0876285	0.058213	0.0674565	0.05965	0.062475	0.0631195	0.0333815	0.0663655	0.0684975	0.033604	0.0627725	0.0617565	0.0570975	0.0655485	0.062971	0.0894625
-69	0.087654	0.0643585	0.066391	0.059873	0.059848	0.0632435	0.0327865	0.0664155	0.064284	0.0334305	0.0634665	0.0633675	0.059898	0.064904	0.0631195	0.08696
-68	0.0858445	0.0607405	0.0664405	0.0598485	0.05965	0.065102	0.03296	0.066936	0.0661925	0.032737	0.06587	0.0620045	0.0612115	0.0669855	0.0617565	0.085721
-67	0.0847045	0.060121	0.066713	0.057866	0.0618555	0.0628715	0.033604	0.0696615	0.0653	0.0336045	0.064978	0.061558	0.0590555	0.06763	0.0645075	0.0859685
-66	0.084853	0.0621535	0.064805	0.05742	0.061459	0.060666	0.0329845	0.0658455	0.0667875	0.03182	0.066366	0.065647	0.0573205	0.069216	0.062872	0.089785
-65	0.085101	0.0606415	0.067506	0.0585845	0.059898	0.061385	0.033133	0.0666635	0.0641105	0.032811	0.066168	0.0638135	0.060022	0.065771	0.0648045	0.0895865
-64	0.087232	0.0593525	0.065548	0.058485	0.0614095	0.0646065	0.0324645	0.0674315	0.065697	0.0342485	0.064036	0.063888	0.059923	0.06706	0.061682	0.0869345
-63	0.08582	0.062624	0.065573	0.0583865	0.06022	0.0644085	0.032762	0.066713	0.06649	0.0333565	0.0654245	0.0622025	0.0597	0.0681505	0.0601955	0.087976
-62	0.0847295	0.061137	0.0659445	0.059526	0.0605175	0.064086	0.032712	0.0700835	0.0668615	0.0307795	0.065003	0.061955	0.0580395	0.0664155	0.063838	0.0883725
-61	0.0865385	0.059997	0.064086	0.0591545	0.0601705	0.0618555	0.033431	0.0662665	0.0672585	0.032167	0.0634665	0.063863	0.058981	0.0725615	0.0626735	0.0875295
-60	0.083887	0.061013	0.066911	0.059254	0.062054	0.0625495	0.0320675	0.0681005	0.066713	0.0332075	0.064805	0.063194	0.0605915	0.065796	0.0630455	0.0868115
-59	0.082871	0.0625495	0.065548	0.060988	0.059328	0.063466	0.035141	0.06758	0.068249	0.0304075	0.06587	0.063293	0.057841	0.066143	0.0634415	0.087282
-58	0.0829695	0.063268	0.0661925	0.058956	0.059551	0.063045	0.0325635	0.0671095	0.067184	0.0329105	0.065127	0.063268	0.061261	0.0655235	0.063219	0.087852
-57	0.086563	0.06255	0.0659945	0.059501	0.0621285	0.061732	0.032464	0.0673075	0.0669855	0.0328605	0.0658205	0.0609135	0.059848	0.0659445	0.0631445	0.086241
-56	0.0843825	0.060418	0.0697365	0.0624255	0.0615835	0.0655235	0.0324145	0.066341	0.0677045	0.0319685	0.063962	0.0607155	0.0571475	0.0675805	0.0621285	0.0859685
-55	0.0883725	0.0647305	0.0656475	0.0584855	0.0610875	0.0626735	0.033976	0.066564	0.0666135	0.0341745	0.0617315	0.0611615	0.0581385	0.0682495	0.061583	0.086811
-54	0.087183	0.059997	0.0668865	0.0590555	0.062599	0.065375	0.0321175	0.0668865	0.068076	0.033852	0.061509	0.061385	0.0606165	0.067258	0.0618555	0.085349
-53	0.0873065	0.0612115	0.065375	0.060344	0.0619795	0.063491	0.0338025	0.0653995	0.0664155	0.0319935	0.065152	0.06307	0.0571965	0.066911	0.062426	0.087926
-52	0.0866375	0.0575935	0.065945	0.0603935	0.060468	0.06473	0.0340755	0.0657465	0.0670105	0.0322415	0.0649285	0.063764	0.0593525	0.066614	0.0652015	0.0852995
-51	0.0850765	0.0609635	0.067853	0.0577665	0.0611865	0.0630455	0.03239	0.0659695	0.0651765	0.033431	0.066589	0.063764	0.060294	0.068448	0.062525	0.0855225
-50	0.085547	0.0611615	0.0675555	0.05965	0.0599475	0.064309	0.032266	0.066341	0.0654245	0.033084	0.063764	0.064458	0.059427	0.068002	0.0620785	0.0869845
-49	0.0835895	0.0600465	0.064334	0.0593775	0.062847	0.0645075	0.033902	0.067481	0.0693895	0.033208	0.0639375	0.0624255	0.059006	0.066118	0.0625245	0.0873065
-48	0.083887	0.063144	0.0660195	0.0616325	0.0627975	0.06421	0.0331585	0.065028	0.0633675	0.0313985	0.065127	0.0629465	0.057742	0.0677285	0.0636155	0.088199
-47	0.0849525	0.0594025	0.0650525	0.060344	0.060567	0.061955	0.03353	0.0672585	0.070356	0.032861	0.0645075	0.060939	0.0582125	0.06763	0.064557	0.0878765
-46	0.085473	0.06193	0.066837	0.060468	0.0601705	0.061583	0.034348	0.0676295	0.0643585	0.033307	0.065771	0.0636895	0.060121	0.0653995	0.0632435	0.085671
-45	0.084655	0.059873	0.0661185	0.0595015	0.060592	0.064334	0.032018	0.067506	0.06535	0.0344965	0.0634665	0.063714	0.0590055	0.067952	0.063516	0.0879015
-44	0.0840105	0.0600465	0.066539	0.05908	0.06079	0.06592	0.0327615	0.068175	0.064879	0.032712	0.066936	0.0617315	0.0602695	0.067828	0.0599225	0.088397
-43	0.0876535	0.062004	0.063541	0.059452	0.060691	0.06535	0.034224	0.066391	0.066019	0.034001	0.062847	0.0623765	0.057841	0.065771	0.063268	0.088571
-42	0.0872325	0.0615335	0.0682245	0.059799	0.05908	0.0629955	0.031721	0.070009	0.0646315	0.0322165	0.063541	0.061707	0.060344	0.067134	0.0641355	0.0856955
-41	0.0856465	0.059328	0.0653	0.061013	0.061781	0.062426	0.0321915	0.065796	0.07048	0.0329105	0.0639375	0.062723	0.0591045	0.069067	0.0606165	0.0876785
-40	0.082648	0.0610875	0.068522	0.058064	0.0615085	0.0641105	0.0350415	0.0669115	0.0680015	0.031671	0.063962	0.0603685	0.0602945	0.068423	0.0626735	0.086712
-39	0.0839365	0.0614095	0.0666635	0.058609	0.061038	0.06649	0.031002	0.067481	0.0669855	0.0318445	0.066688	0.0634665	0.0596005	0.067506	0.062029	0.0852495
-38	0.0854725	0.0603935	0.0667625	0.0603685	0.060245	0.06421	0.0346945	0.0654985	0.065449	0.03239	0.0651265	0.0615585	0.0591295	0.069166	0.0627725	0.0867615
-37	0.0826975	0.062178	0.0638135	0.0618805	0.0614095	0.065325	0.0325385	0.0671095	0.06421	0.035265	0.065251	0.063615	0.061112	0.062599	0.0612605	0.089735
-36	0.084259	0.0599225	0.066614	0.0600715	0.062376	0.064681	0.0332325	0.06478	0.0653995	0.0328855	0.0647305	0.061038	0.061856	0.0674315	0.0611125	0.0896115
-35	0.0852745	0.061261	0.0686955	0.0579155	0.060096	0.0661675	0.03125	0.067382	0.066961	0.0325635	0.0655235	0.0617565	0.059774	0.066837	0.060319	0.088224
-34	0.083292	0.0619055	0.0666135	0.059873	0.061335	0.0652015	0.0332075	0.0659445	0.0645075	0.0334805	0.0663905	0.0631445	0.059204	0.0674065	0.0635655	0.0849275
-33	0.0822265	0.058312	0.068646	0.0603195	0.0642595	0.064904	0.0313	0.0691665	0.0683235	0.034298	0.064433	0.062946	0.0600965	0.065697	0.060121	0.084952
-32	0.0859935	0.061335	0.0697365	0.058931	0.0623015	0.062971	0.032861	0.0668615	0.066713	0.0304075	0.064284	0.0606415	0.060641	0.067853	0.0614095	0.0870585
-31	0.083961	0.0622765	0.067828	0.061286	0.061137	0.06307	0.0325385	0.064656	0.0667625	0.0326875	0.0639125	0.062723	0.05965	0.067803	0.062698	0.0870095
-30	0.0830445	0.0608395	0.066837	0.0608895	0.062822	0.0628965	0.0331335	0.067184	0.068076	0.0329105	0.0639125	0.062748	0.060468	0.06758	0.0603195	0.08634
-29	0.0892895	0.060121	0.0659945	0.0570235	0.060096	0.065449	0.033183	0.066589	0.067134	0.031374	0.0653745	0.061236	0.0602445	0.068844	0.06022	0.087827
-28	0.086737	0.062079	0.0675305	0.057519	0.0597	0.0635655	0.0326625	0.067605	0.0651765	0.034397	0.0660195	0.061732	0.0579405	0.068076	0.060418	0.088843
-27	0.085076	0.0612115	0.066143	0.060641	0.0625995	0.0641105	0.031795	0.065449	0.0684975	0.032539	0.06649	0.0614095	0.058312	0.0676055	0.0604435	0.0876785
-26	0.085423	0.0620535	0.068795	0.061583	0.062946	0.0648545	0.033827	0.0657715	0.0665395	0.0327125	0.0634665	0.0613355	0.0600465	0.065276	0.0611365	0.0842335
-25	0.084283	0.063863	0.068175	0.0603935	0.062376	0.062401	0.0344715	0.065895	0.067506	0.032167	0.063714	0.0615835	0.061335	0.067828	0.059774	0.084234
-24	0.0868855	0.059229	0.0671095	0.0596005	0.061905	0.062376	0.033654	0.0676795	0.066936	0.034001	0.062153	0.062698	0.0603685	0.0674565	0.0623515	0.085597
-23	0.0866375	0.063194	0.064904	0.060716	0.059848	0.0647305	0.0338525	0.066366	0.066168	0.032489	0.0633675	0.0616575	0.0608645	0.0672335	0.0610375	0.086935
-22	0.087183	0.061732	0.066316	0.058907	0.0637395	0.0660435	0.0318695	0.067531	0.065796	0.0338025	0.062178	0.062822	0.062054	0.0639125	0.0619055	0.0842085
-21	0.084308	0.0648295	0.0683735	0.060592	0.062574	0.063541	0.032737	0.0673325	0.065672	0.0314975	0.0658955	0.060369	0.058956	0.0664155	0.0628715	0.0840355
-20	0.0851015	0.063095	0.0668865	0.05851	0.060889	0.065127	0.0338765	0.0653745	0.067952	0.032712	0.064458	0.0624505	0.059675	0.0667375	0.0617315	0.0854235
-19	0.085572	0.061583	0.06706	0.060121	0.0614595	0.0644825	0.0336535	0.068993	0.067853	0.032588	0.064582	0.061236	0.058436	0.064631	0.0622525	0.0854975
-18	0.085448	0.0625	0.06644	0.058634	0.0587085	0.0640615	0.0325885	0.0666635	0.0684475	0.032489	0.066267	0.0606165	0.0608895	0.068968	0.0624505	0.0848285
-17	0.086365	0.0601705	0.0662665	0.0598735	0.0645075	0.0630205	0.032638	0.0677045	0.068076	0.0326875	0.06478	0.0622025	0.058411	0.067233	0.061261	0.084804
-16	0.086018	0.064582	0.0687695	0.0609635	0.0623265	0.0634415	0.031002	0.0649285	0.067283	0.0317705	0.06421	0.061608	0.0586585	0.066564	0.0630205	0.0848535
-15	0.088868	0.0576675	0.0674315	0.059328	0.0597245	0.064681	0.0315225	0.067853	0.0669115	0.031225	0.067605	0.0630205	0.060443	0.0675555	0.062599	0.083565
-14	0.083639	0.060542	0.068547	0.0610875	0.061162	0.062376	0.03244	0.066911	0.0682245	0.0337035	0.0649285	0.062153	0.0601205	0.0653745	0.0611865	0.087604
-13	0.085993	0.0604435	0.0653995	0.060592	0.0626485	0.0609635	0.0327865	0.0640115	0.067233	0.0340505	0.0634165	0.062847	0.059724	0.0708515	0.0640115	0.0850265
-12	0.0859435	0.060096	0.0678285	0.059799	0.0615335	0.0636895	0.033084	0.0668125	0.0672085	0.0320925	0.06473	0.064557	0.0594515	0.0664155	0.061236	0.0855225
-11	0.086613	0.0637885	0.0660935	0.059179	0.061236	0.0649785	0.0349675	0.065771	0.0682745	0.03244	0.0639375	0.0609385	0.0587825	0.0644825	0.0628715	0.0856465
-10	0.0864145	0.0634415	0.067407	0.0586095	0.060889	0.06649	0.032514	0.0664895	0.0675555	0.033059	0.0654245	0.0606415	0.0598735	0.065102	0.0594025	0.0866875
-9	0.0865385	0.0634165	0.0677785	0.059873	0.0642845	0.063714	0.0327865	0.0661925	0.06535	0.03301	0.0633925	0.0603935	0.0581135	0.065028	0.0640365	0.086092
-8	0.087505	0.0622025	0.0647055	0.0604925	0.0632185	0.0635405	0.0315725	0.069018	0.067432	0.0308035	0.0657465	0.063045	0.058584	0.066292	0.063243	0.0825985
-7	0.0857705	0.0650525	0.0665145	0.0599225	0.06084	0.063739	0.031597	0.064904	0.0676795	0.0338025	0.0633675	0.061831	0.0608895	0.0691415	0.0610875	0.083862
-6	0.0884465	0.0611615	0.068423	0.058733	0.060889	0.065746	0.033406	0.070158	0.065697	0.0323405	0.062773	0.0599225	0.059526	0.06644	0.0596255	0.086712
-5	0.085126	0.0616825	0.065003	0.0582375	0.0626735	0.0662665	0.0319685	0.0656225	0.0690425	0.0325385	0.0637145	0.0621035	0.060889	0.0658455	0.063962	0.085324
-4	0.0873065	0.06193	0.067085	0.0592285	0.0599475	0.065102	0.033753	0.067506	0.0649535	0.0319935	0.0647795	0.0623015	0.0605425	0.066812	0.061261	0.0854975
-3	0.08805	0.0598975	0.066812	0.0585595	0.062178	0.0650525	0.0323405	0.066639	0.0650525	0.0325635	0.064582	0.0631195	0.059774	0.068547	0.0598235	0.0870095
-2	0.0852995	0.063417	0.068423	0.0603935	0.0600465	0.0643835	0.033183	0.0693895	0.0675305	0.0327615	0.064681	0.06136	0.0574945	0.066316	0.061955	0.083366
-1	0.0859935	0.0624755	0.0655485	0.0593035	0.062624	0.065325	0.03353	0.065598	0.0676795	0.033877	0.0666385	0.060443	0.05965	0.0673075	0.0604675	0.08354
0	0.0857205	0.0617815	0.0662175	0.0590305	0.0607655	0.065226	0.034521	0.066738	0.066738	0.034521	0.065226	0.0607655	0.0590305	0.0662175	0.0617815	0.0857205
1	0.08354	0.0604675	0.0673075	0.05965	0.060443	0.0666385	0.033877	0.0676795	0.065598	0.03353	0.065325	0.062624	0.0593035	0.0655485	0.0624755	0.0859935
2	0.083366	0.061955	0.066316	0.0574945	0.06136	0.064681	0.0327615	0.0675305	0.0693895	0.033183	0.0643835	0.0600465	0.0603935	0.068423	0.063417	0.0852995
3	0.0870095	0.0598235	0.068547	0.059774	0.0631195	0.064582	0.0325635	0.0650525	0.066639	0.0323405	0.0650525	0.062178	0.0585595	0.066812	0.0598975	0.08805
4	0.0854975	0.061261	0.066812	0.0605425	0.0623015	0.0647795	0.0319935	0.0649535	0.067506	0.033753	0.065102	0.0599475	0.0592285	0.067085	0.06193	0.0873065
5	0.085324	0.063962	0.0658455	0.060889	0.0621035	0.0637145	0.0325385	0.0690425	0.0656225	0.0319685	0.0662665	0.0626735	0.0582375	0.065003	0.0616825	0.085126
6	0.086712	0.0596255	0.06644	0.059526	0.0599225	0.062773	0.0323405	0.065697	0.070158	0.033406	0.065746	0.060889	0.058733	0.068423	0.0611615	0.0884465
7	0.083862	0.0610875	0.0691415	0.0608895	0.061831	0.0633675	0.0338025	0.0676795	0.064904	0.031597	0.063739	0.06084	0.0599225	0.0665145	0.0650525	0.0857705
8	0.0825985	0.063243	0.066292	0.058584	0.063045	0.0657465	0.0308035	0.067432	0.069018	0.0315725	0.0635405	0.0632185	0.0604925	0.0647055	0.0622025	0.087505
9	0.086092	0.0640365	0.065028	0.0581135	0.0603935	0.0633925	0.03301	0.06535	0.0661925	0.0327865	0.063714	0.0642845	0.059873	0.0677785	0.0634165	0.0865385
10	0.0866875	0.0594025	0.065102	0.0598735	0.0606415	0.0654245	0.033059	0.0675555	0.0664895	0.032514	0.06649	0.060889	0.0586095	0.067407	0.0634415	0.0864145
11	0.0856465	0.0628715	0.0644825	0.0587825	0.0609385	0.0639375	0.03244	0.0682745	0.065771	0.0349675	0.0649785	0.061236	0.059179	0.0660935	0.0637885	0.086613
12	0.0855225	0.061236	0.0664155	0.0594515	0.064557	0.06473	0.0320925	0.0672085	0.0668125	0.033084	0.0636895	0.0615335	0.059799	0.0678285	0.060096	0.0859435
13	0.0850265	0.0640115	0.0708515	0.059724	0.062847	0.0634165	0.0340505	0.067233	0.0640115	0.0327865	0.0609635	0.0626485	0.060592	0.0653995	0.0604435	0.085993
14	0.087604	0.0611865	0.0653745	0.0601205	0.062153	0.0649285	0.0337035	0.0682245	0.066911	0.03244	0.062376	0.061162	0.0610875	0.068547	0.060542	0.083639
15	0.083565	0.062599	0.0675555	0.060443	0.0630205	0.067605	0.031225	0.0669115	0.067853	0.0315225	0.064681	0.0597245	0.059328	0.0674315	0.0576675	0.088868
16	0.0848535	0.0630205	0.066564	0.0586585	0.061608	0.06421	0.0317705	0.067283	0.0649285	0.031002	0.0634415	0.0623265	0.0609635	0.0687695	0.064582	0.086018
17	0.084804	0.061261	0.067233	0.058411	0.0622025	0.06478	0.0326875	0.068076	0.0677045	0.032638	0.0630205	0.0645075	0.0598735	0.0662665	0.0601705	0.086365
18	0.0848285	0.0624505	0.068968	0.0608895	0.0606165	0.066267	0.032489	0.0684475	0.0666635	0.0325885	0.0640615	0.0587085	0.058634	0.06644	0.0625	0.085448
19	0.0854975	0.0622525	0.064631	0.058436	0.061236	0.064582	0.032588	0.067853	0.068993	0.0336535	0.0644825	0.0614595	0.060121	0.06706	0.061583	0.085572
20	0.0854235	0.0617315	0.0667375	0.059675	0.0624505	0.064458	0.032712	0.067952	0.0653745	0.0338765	0.065127	0.060889	0.05851	0.0668865	0.063095	0.0851015
21	0.0840355	0.0628715	0.0664155	0.058956	0.060369	0.0658955	0.0314975	0.065672	0.0673325	0.032737	0.063541	0.062574	0.060592	0.0683735	0.0648295	0.084308
22	0.0842085	0.0619055	0.0639125	0.062054	0.062822	0.062178	0.0338025	0.065796	0.067531	0.0318695	0.0660435	0.0637395	0.058907	0.066316	0.061732	0.087183
23	0.086935	0.0610375	0.0672335	0.0608645	0.0616575	0.0633675	0.032489	0.066168	0.066366	0.0338525	0.0647305	0.059848	0.060716	0.064904	0.063194	0.0866375
24	0.085597	0.0623515	0.0674565	0.0603685	0.062698	0.062153	0.034001	0.066936	0.0676795	0.033654	0.062376	0.061905	0.0596005	0.0671095	0.059229	0.0868855
25	0.084234	0.059774	0.067828	0.061335	0.0615835	0.063714	0.032167	0.067506	0.065895	0.0344715	0.062401	0.062376	0.0603935	0.068175	0.063863	0.084283
26	0.0842335	0.0611365	0.065276	0.0600465	0.0613355	0.0634665	0.0327125	0.0665395	0.0657715	0.033827	0.0648545	0.062946	0.061583	0.068795	0.0620535	0.085423
27	0.0876785	0.0604435	0.0676055	0.058312	0.0614095	0.06649	0.032539	0.0684975	0.065449	0.031795	0.0641105	0.0625995	0.060641	0.066143	0.0612115	0.085076
28	0.088843	0.060418	0.068076	0.0579405	0.061732	0.0660195	0.034397	0.0651765	0.067605	0.0326625	0.0635655	0.0597	0.057519	0.0675305	0.062079	0.086737
29	0.087827	0.06022	0.068844	0.0602445	0.061236	0.0653745	0.031374	0.067134	0.066589	0.033183	0.065449	0.060096	0.0570235	0.0659945	0.060121	0.0892895
30	0.08634	0.0603195	0.06758	0.060468	0.062748	0.0639125	0.0329105	0.068076	0.067184	0.0331335	0.0628965	0.062822	0.0608895	0.066837	0.0608395	0.0830445
31	0.0870095	0.062698	0.067803	0.05965	0.062723	0.0639125	0.0326875	0.0667625	0.064656	0.0325385	0.06307	0.061137	0.061286	0.067828	0.0622765	0.083961
32	0.0870585	0.0614095	0.067853	0.060641	0.0606415	0.064284	0.0304075	0.066713	0.0668615	0.032861	0.062971	0.0623015	0.058931	0.0697365	0.061335	0.0859935
33	0.084952	0.060121	0.065697	0.0600965	0.062946	0.064433	0.034298	0.0683235	0.0691665	0.0313	0.064904	0.0642595	0.0603195	0.068646	0.058312	0.0822265
34	0.0849275	0.0635655	0.0674065	0.059204	0.0631445	0.0663905	0.0334805	0.0645075	0.0659445	0.0332075	0.0652015	0.061335	0.059873	0.0666135	0.0619055	0.083292
35	0.088224	0.060319	0.066837	0.059774	0.0617565	0.0655235	0.0325635	0.066961	0.067382	0.03125	0.0661675	0.060096	0.0579155	0.0686955	0.061261	0.0852745
36	0.0896115	0.0611125	0.0674315	0.061856	0.061038	0.0647305	0.0328855	0.0653995	0.06478	0.0332325	0.064681	0.062376	0.0600715	0.066614	0.0599225	0.084259
37	0.089735	0.0612605	0.062599	0.061112	0.063615	0.065251	0.035265	0.06421	0.0671095	0.0325385	0.065325	0.0614095	0.0618805	0.0638135	0.062178	0.0826975
38	0.0867615	0.0627725	0.069166	0.0591295	0.0615585	0.0651265	0.03239	0.065449	0.0654985	0.0346945	0.06421	0.060245	0.0603685	0.0667625	0.0603935	0.0854725
39	0.0852495	0.062029	0.067506	0.0596005	0.0634665	0.066688	0.0318445	0.0669855	0.067481	0.031002	0.06649	0.061038	0.058609	0.0666635	0.0614095	0.0839365
40	0.086712	0.0626735	0.068423	0.0602945	0.0603685	0.063962	0.031671	0.0680015	0.0669115	0.0350415	0.0641105	0.0615085	0.058064	0.068522	0.0610875	0.082648
41	0.0876785	0.0606165	0.069067	0.0591045	0.062723	0.0639375	0.0329105	0.07048	0.065796	0.0321915	0.062426	0.061781	0.061013	0.0653	0.059328	0.0856465
42	0.0856955	0.0641355	0.067134	0.060344	0.061707	0.063541	0.0322165	0.0646315	0.070009	0.031721	0.0629955	0.05908	0.059799	0.0682245	0.0615335	0.0872325
43	0.088571	0.063268	0.065771	0.057841	0.0623765	0.062847	0.034001	0.066019	0.066391	0.034224	0.06535	0.060691	0.059452	0.063541	0.062004	0.0876535
44	0.088397	0.0599225	0.067828	0.0602695	0.0617315	0.066936	0.032712	0.064879	0.068175	0.0327615	0.06592	0.06079	0.05908	0.066539	0.0600465	0.0840105
45	0.0879015	0.063516	0.067952	0.0590055	0.063714	0.0634665	0.0344965	0.06535	0.067506	0.032018	0.064334	0.060592	0.0595015	0.0661185	0.059873	0.084655
46	0.085671	0.0632435	0.0653995	0.060121	0.0636895	0.065771	0.033307	0.0643585	0.0676295	0.034348	0.061583	0.0601705	0.060468	0.066837	0.06193	0.085473
47	0.0878765	0.064557	0.06763	0.0582125	0.060939	0.0645075	0.032861	0.070356	0.0672585	0.03353	0.061955	0.060567	0.060344	0.0650525	0.0594025	0.0849525
48	0.088199	0.0636155	0.0677285	0.057742	0.0629465	0.065127	0.0313985	0.0633675	0.065028	0.0331585	0.06421	0.0627975	0.0616325	0.0660195	0.063144	0.083887
49	0.0873065	0.0625245	0.066118	0.059006	0.0624255	0.0639375	0.033208	0.0693895	0.067481	0.033902	0.0645075	0.062847	0.0593775	0.064334	0.0600465	0.0835895
50	0.0869845	0.0620785	0.068002	0.059427	0.064458	0.063764	0.033084	0.0654245	0.066341	0.032266	0.064309	0.0599475	0.05965	0.0675555	0.0611615	0.085547
51	0.0855225	0.062525	0.068448	0.060294	0.063764	0.066589	0.033431	0.0651765	0.0659695	0.03239	0.0630455	0.0611865	0.0577665	0.067853	0.0609635	0.0850765
52	0.0852995	0.0652015	0.066614	0.0593525	0.063764	0.0649285	0.0322415	0.0670105	0.0657465	0.0340755	0.06473	0.060468	0.0603935	0.065945	0.0575935	0.0866375
53	0.087926	0.062426	0.066911	0.0571965	0.06307	0.065152	0.0319935	0.0664155	0.0653995	0.0338025	0.063491	0.0619795	0.060344	0.065375	0.0612115	0.0873065
54	0.085349	0.0618555	0.067258	0.0606165	0.061385	0.061509	0.033852	0.068076	0.0668865	0.0321175	0.065375	0.062599	0.0590555	0.0668865	0.059997	0.087183
55	0.086811	0.061583	0.0682495	0.0581385	0.0611615	0.0617315	0.0341745	0.0666135	0.066564	0.033976	0.0626735	0.0610875	0.0584855	0.0656475	0.0647305	0.0883725
56	0.0859685	0.0621285	0.0675805	0.0571475	0.0607155	0.063962	0.0319685	0.0677045	0.066341	0.0324145	0.0655235	0.0615835	0.0624255	0.0697365	0.060418	0.0843825
57	0.086241	0.0631445	0.0659445	0.059848	0.0609135	0.0658205	0.0328605	0.0669855	0.0673075	0.032464	0.061732	0.0621285	0.059501	0.0659945	0.06255	0.086563
58	0.087852	0.063219	0.0655235	0.061261	0.063268	0.065127	0.0329105	0.067184	0.0671095	0.0325635	0.063045	0.059551	0.058956	0.0661925	0.063268	0.0829695
59	0.087282	0.0634415	0.066143	0.057841	0.063293	0.06587	0.0304075	0.068249	0.06758	0.035141	0.063466	0.059328	0.060988	0.065548	0.0625495	0.082871
60	0.0868115	0.0630455	0.065796	0.0605915	0.063194	0.064805	0.0332075	0.066713	0.0681005	0.0320675	0.0625495	0.062054	0.059254	0.066911	0.061013	0.083887
61	0.0875295	0.0626735	0.0725615	0.058981	0.063863	0.0634665	0.032167	0.0672585	0.0662665	0.033431	0.0618555	0.0601705	0.0591545	0.064086	0.059997	0.0865385
62	0.0883725	0.063838	0.0664155	0.0580395	0.061955	0.065003	0.0307795	0.0668615	0.0700835	0.032712	0.064086	0.0605175	0.059526	0.0659445	0.061137	0.0847295
63	0.087976	0.0601955	0.0681505	0.0597	0.0622025	0.0654245	0.0333565	0.06649	0.066713	0.032762	0.0644085	0.06022	0.0583865	0.065573	0.062624	0.08582
64	0.0869345	0.061682	0.06706	0.059923	0.063888	0.064036	0.0342485	0.065697	0.0674315	0.0324645	0.0646065	0.0614095	0.058485	0.065548	0.0593525	0.087232
65	0.0895865	0.0648045	0.065771	0.060022	0.0638135	0.066168	0.032811	0.0641105	0.0666635	0.033133	0.061385	0.059898	0.0585845	0.067506	0.0606415	0.085101
66	0.089785	0.062872	0.069216	0.0573205	0.065647	0.066366	0.03182	0.0667875	0.0658455	0.0329845	0.060666	0.061459	0.05742	0.064805	0.0621535	0.084853
67	0.0859685	0.0645075	0.06763	0.0590555	0.061558	0.064978	0.0336045	0.0653	0.0696615	0.033604	0.0628715	0.0618555	0.057866	0.066713	0.060121	0.0847045
68	0.085721	0.0617565	0.0669855	0.0612115	0.0620045	0.06587	0.032737	0.0661925	0.066936	0.03296	0.065102	0.05965	0.0598485	0.0664405	0.0607405	0.0858445
69	0.08696	0.0631195	0.064904	0.059898	0.0633675	0.0634665	0.0334305	0.064284	0.0664155	0.0327865	0.0632435	0.059848	0.059873	0.066391	0.0643585	0.087654
70	0.0894625	0.062971	0.0655485	0.0570975	0.0617565	0.0627725	0.033604	0.0684975	0.0663655	0.0333815	0.0631195	0.062475	0.05965	0.0674565	0.058213	0.0876285
71	0.0878275	0.0628965	0.0673325	0.059353	0.0630945	0.065821	0.032167	0.0668865	0.0665395	0.032737	0.0634665	0.0590305	0.058089	0.0662915	0.0613105	0.087158
72	0.0872075	0.062004	0.0653995	0.059749	0.06421	0.0650525	0.032712	0.0662665	0.0674565	0.034323	0.0629215	0.0589565	0.059278	0.067382	0.0604185	0.0866625
73	0.085795	0.062252	0.0673325	0.0588325	0.0631695	0.0640365	0.0323655	0.069464	0.067456	0.030457	0.0634915	0.0594025	0.0603195	0.065003	0.061236	0.0893885
